Main.Studies.MarkerTracking.t,Main.HumanModel.BodyModel.Interface.Left.RotVectorMeasures.ThoraxClavicula.Pos[0],Main.HumanModel.BodyModel.Interface.Left.RotVectorMeasures.ThoraxClavicula.Pos[1],Main.HumanModel.BodyModel.Interface.Left.RotVectorMeasures.ThoraxClavicula.Pos[2],Main.HumanModel.BodyModel.Interface.Left.RotVectorMeasures.ClaviculaScapula.Pos[0],Main.HumanModel.BodyModel.Interface.Left.RotVectorMeasures.ClaviculaScapula.Pos[1],Main.HumanModel.BodyModel.Interface.Left.RotVectorMeasures.ClaviculaScapula.Pos[2],Main.HumanModel.BodyModel.Interface.Left.RotVectorMeasures.ScapulaHumerus.Pos[0],Main.HumanModel.BodyModel.Interface.Left.RotVectorMeasures.ScapulaHumerus.Pos[1],Main.HumanModel.BodyModel.Interface.Left.RotVectorMeasures.ScapulaHumerus.Pos[2],Main.HumanModel.BodyModel.Interface.Left.ElbowFlexion.Pos,Main.HumanModel.BodyModel.Interface.Left.ElbowPronation.Pos,Main.HumanModel.BodyModel.Interface.Left.WristFlexion.Pos,Main.HumanModel.BodyModel.Interface.Left.WristAbduction.Pos
  1.600000000000000e+00, -2.359223950912067e+00,  3.120636274054301e-01, -1.377839375711883e+00,  3.292720947573241e-01,  7.135696102093582e-01,  2.043178413108345e-01, -4.291288661201877e-01,  2.975271283676724e-01,  7.736817314100781e-02,  9.530288042345865e-01,  6.393387194453823e-01, -8.872452113842733e-02,  3.987080945695688e-02
  1.610000000000000e+00, -2.363501044826495e+00,  3.084249863781213e-01, -1.381705463471413e+00,  3.254872620439812e-01,  7.135245763139408e-01,  2.045702790055332e-01, -4.311768725912358e-01,  2.951079572360610e-01,  7.076971496009195e-02,  9.534599325549108e-01,  6.400769231676984e-01, -8.552430261598221e-02,  4.060347361700842e-02
  1.620000000000000e+00, -2.367947174256121e+00,  3.044069289330923e-01, -1.386216931863458e+00,  3.213760135025548e-01,  7.135026275845413e-01,  2.048309229281359e-01, -4.335800745648362e-01,  2.931449374505394e-01,  6.267142234808898e-02,  9.525303422905627e-01,  6.398067852008682e-01, -8.312708364191890e-02,  4.130709201772861e-02
  1.630000000000000e+00, -2.372373979678369e+00,  3.001423580469336e-01, -1.391257113480212e+00,  3.170885004184731e-01,  7.135102493710169e-01,  2.050873870849724e-01, -4.364479191633576e-01,  2.917268245802130e-01,  5.311907710043551e-02,  9.500692962573847e-01,  6.384613565583718e-01, -8.176644153375845e-02,  4.196216956314049e-02
  1.640000000000000e+00, -2.376608989619779e+00,  2.957611081916712e-01, -1.396716224573626e+00,  3.127592237169720e-01,  7.135513492866464e-01,  2.053294879925345e-01, -4.398614389727483e-01,  2.909181539619708e-01,  4.222769194746393e-02,  9.459038228474573e-01,  6.359886331356780e-01, -8.160596689855715e-02,  4.254115595414720e-02
  1.650000000000000e+00, -2.380521333124655e+00,  2.913715254615127e-01, -1.402500846324566e+00,  3.084910170287751e-01,  7.136271337030199e-01,  2.055502975092424e-01, -4.438489213709702e-01,  2.907468758683708e-01,  3.018566021556042e-02,  9.398735203635258e-01,  6.323557720568566e-01, -8.271846402600813e-02,  4.300857668872495e-02
  1.660000000000000e+00, -2.384036779648033e+00,  2.870488682558252e-01, -1.408535721910257e+00,  3.043485352929448e-01,  7.137365971631825e-01,  2.057463164120029e-01, -4.483768835292762e-01,  2.911989611301674e-01,  1.724591495200920e-02,  9.318432032047226e-01,  6.275626306635659e-01, -8.508800030960861e-02,  4.332552282688951e-02
  1.670000000000000e+00, -2.387143536150288e+00,  2.828311147749381e-01, -1.414757707836702e+00,  3.003598767558131e-01,  7.138772125006388e-01,  2.059170525332277e-01, -4.533550422115342e-01,  2.922189876083207e-01,  3.705627318453619e-03,  9.217152500105564e-01,  6.216557260016924e-01, -8.862799230582130e-02,  4.345603440128917e-02
  1.680000000000000e+00, -2.389890802982038e+00,  2.787198421218063e-01, -1.421107847765766e+00,  2.965223178630673e-01,  7.140456086242789e-01,  2.060643482079185e-01, -4.586489298981218e-01,  2.937177779994051e-01, -1.012148892249650e-02,  9.094410528557466e-01,  6.147508651140656e-01, -9.320415559074680e-02,  4.337272275725564e-02
  1.690000000000000e+00, -2.392378449001769e+00,  2.746850211254243e-01, -1.427528470184900e+00,  2.928097776959430e-01,  7.142382631108963e-01,  2.061915817637303e-01, -4.640955565353135e-01,  2.955879693107756e-01, -2.393536562994531e-02,  8.950277215736993e-01,  6.070719206884263e-01, -9.865391385873457e-02,  4.306076809867822e-02
  1.700000000000000e+00, -2.394736597979352e+00,  2.706742598709878e-01, -1.433966361775708e+00,  2.891819588903747e-01,  7.144521873042635e-01,  2.063027553837742e-01, -4.695212819287800e-01,  2.977240135351422e-01, -3.747863145848616e-02,  8.785381254612198e-01,  5.989797661320909e-01, -1.047991568949573e-01,  4.252075868295814e-02
  1.710000000000000e+00, -2.397100820181343e+00,  2.666251685096764e-01, -1.440377017832625e+00,  2.855944434055323e-01,  7.146854013675544e-01,  2.064016216577501e-01, -4.747595438062966e-01,  3.000373065853403e-01, -5.055996516515195e-02,  8.600863643528995e-01,  5.909392080668153e-01, -1.114575483547422e-01,  4.177060569669052e-02
  1.720000000000000e+00, -2.399588697367383e+00,  2.624778033999980e-01, -1.446728697062244e+00,  2.820076299402740e-01,  7.149371526367735e-01,  2.064910069409451e-01, -4.796643536446633e-01,  3.024625365175895e-01, -6.306846726880279e-02,  8.398319544213320e-01,  5.834252735597042e-01, -1.184614568910407e-01,  4.084584673726722e-02
  1.730000000000000e+00, -2.402281612181459e+00,  2.581846604844176e-01, -1.453006387732752e+00,  2.783928776783842e-01,  7.152079309714036e-01,  2.065724085263585e-01, -4.841172991108350e-01,  3.049578088516140e-01, -7.497836642645994e-02,  8.179749523704263e-01,  5.768244508513596e-01, -1.256809287278415e-01,  3.979667189477732e-02
  1.740000000000000e+00, -2.405217954501905e+00,  2.537163168486427e-01, -1.459210616808943e+00,  2.747353236625626e-01,  7.154991745732425e-01,  2.066459608948827e-01, -4.880287717864736e-01,  3.074982198084705e-01, -8.634283536062463e-02,  7.947531697576393e-01,  5.713548409753653e-01, -1.330340608785083e-01,  3.868013714789494e-02
  1.750000000000000e+00, -2.408401199432308e+00,  2.490618889827389e-01, -1.465347158246052e+00,  2.710336400331442e-01,  7.158125940857433e-01,  2.067107986763438e-01, -4.913355959920343e-01,  3.100613548036479e-01, -9.727701127739363e-02,  7.704412780146082e-01,  5.669972694704782e-01, -1.404800313683661e-01,  3.754842143376521e-02
  1.760000000000000e+00, -2.411818072713903e+00,  2.442247676734149e-01, -1.471412584126834e+00,  2.672971131494934e-01,  7.161493704700085e-01,  2.067656604436664e-01, -4.939954743182410e-01,  3.126094650196712e-01, -1.079350299372560e-01,  7.453494993160753e-01,  5.634659549866693e-01, -1.480068102624286e-01,  3.643815061021948e-02
  1.770000000000000e+00, -2.415456859100115e+00,  2.392149495859489e-01, -1.477386387441455e+00,  2.635403848194042e-01,  7.165097244798119e-01,  2.068094475799741e-01, -4.959774132392180e-01,  3.150786646055803e-01, -1.184880311806410e-01,  7.198169721266581e-01,  5.602793143390901e-01, -1.556200667309620e-01,  3.536772842621042e-02
  1.780000000000000e+00, -2.419315594990179e+00,  2.340411762105276e-01, -1.483237170564487e+00,  2.597774928638963e-01,  7.168932053643253e-01,  2.068414470032666e-01, -4.972522142513239e-01,  3.173838325658941e-01, -1.291070229879789e-01,  6.941954566419879e-01,  5.569221889196101e-01, -1.633272685218707e-01,  3.434390537035284e-02
  1.790000000000000e+00, -2.423409538328706e+00,  2.287052869738544e-01, -1.488923382187971e+00,  2.560185384876570e-01,  7.172988826612754e-01,  2.068614443767752e-01, -4.977878233855902e-01,  3.194208315621104e-01, -1.399514037981998e-01,  6.688310600343731e-01,  5.529523228117916e-01, -1.711232327264625e-01,  3.336840660052758e-02
  1.800000000000000e+00, -2.427753096639902e+00,  2.232038154889639e-01, -1.494416042406606e+00,  2.522689636122645e-01,  7.177263537421320e-01,  2.068692286772621e-01, -4.975565100017159e-01,  3.210949348494971e-01, -1.511586266296140e-01,  6.440416638257397e-01,  5.480763671713141e-01, -1.789629614667323e-01,  3.244325079530419e-02
  1.810000000000000e+00, -2.432360809016546e+00,  2.175299452000364e-01, -1.499692216047551e+00,  2.485316867342084e-01,  7.181755265268063e-01,  2.068645750367153e-01, -4.965401818132281e-01,  3.223214379225385e-01, -1.628377735510255e-01,  6.201060388345453e-01,  5.421111194893462e-01, -1.867595426758757e-01,  3.157031931733998e-02
  1.820000000000000e+00, -2.437239685905864e+00,  2.116779721836591e-01, -1.504736805436728e+00,  2.448096085972235e-01,  7.186465894145945e-01,  2.068471000047570e-01, -4.947370970348712e-01,  3.230366477611427e-01, -1.750647661634011e-01,  5.972531207506291e-01,  5.349752834273950e-01, -1.943861192380192e-01,  3.075152688859954e-02
  1.830000000000000e+00, -2.442386745527603e+00,  2.056478715879831e-01, -1.509537159720893e+00,  2.411084401216050e-01,  7.191395600729519e-01,  2.068163240958397e-01, -4.921668036110439e-01,  3.232041648223772e-01, -1.878807281658175e-01,  5.756538165037780e-01,  5.266834077868436e-01, -2.016862473041121e-01,  2.998770189564054e-02
  1.840000000000000e+00, -2.447793253472162e+00,  1.994476406977627e-01, -1.514072772680868e+00,  2.374384350932174e-01,  7.196535957687692e-01,  2.067719371961330e-01, -4.888723826782218e-01,  3.228071062044551e-01, -2.012911956031608e-01,  5.554195713833875e-01,  5.172969261491852e-01, -2.084959425774879e-01,  2.927515124804937e-02
  1.850000000000000e+00, -2.453422977144010e+00,  1.930999774139566e-01, -1.518337286783225e+00,  2.338150136884499e-01,  7.201875124645954e-01,  2.067134740461506e-01, -4.849207248947126e-01,  3.218947501113580e-01, -2.152687592832914e-01,  5.365802036740744e-01,  5.070665272529138e-01, -2.146498860474717e-01,  2.861836494889202e-02
  1.860000000000000e+00, -2.459254657832796e+00,  1.866336492549861e-01, -1.522292036525439e+00,  2.302579446156355e-01,  7.207378537804565e-01,  2.066414348477097e-01, -4.803980055167956e-01,  3.204759326282304e-01, -2.297562938484679e-01,  5.191369425310696e-01,  4.960483426250947e-01, -2.200421730765143e-01,  2.800304186154983e-02
  1.870000000000000e+00, -2.465238004331124e+00,  1.800927646452151e-01, -1.525917973413015e+00,  2.267904170618417e-01,  7.213006781320515e-01,  2.065563702848862e-01, -4.754066241398111e-01,  3.186155559110019e-01, -2.446783213848501e-01,  5.030324526638805e-01,  4.844214136642363e-01, -2.246020784304594e-01,  2.741969604591256e-02
  1.880000000000000e+00, -2.471317432551303e+00,  1.735286147835685e-01, -1.529197147331159e+00,  2.234361815705012e-01,  7.218710275129849e-01,  2.064593684804257e-01, -4.700577232329405e-01,  3.163804592969963e-01, -2.599475714451329e-01,  4.881889550882695e-01,  4.722967665902539e-01, -2.283243483526571e-01,  2.685027502681503e-02
  1.890000000000000e+00, -2.477430038799681e+00,  1.669964650089514e-01, -1.532123338390399e+00,  2.202169190405004e-01,  7.224436335975952e-01,  2.063518446892172e-01, -4.644649731717750e-01,  3.138460877487730e-01, -2.754708737574006e-01,  4.745165033187467e-01,  4.597490358882937e-01, -2.312705835843725e-01,  2.627291667680957e-02
  1.900000000000000e+00, -2.483508851699789e+00,  1.605515847198406e-01, -1.534705001900106e+00,  2.171503560367997e-01,  7.230134007859342e-01,  2.062354018973596e-01, -4.587394052910321e-01,  3.110933329623987e-01, -2.911526063821099e-01,  4.619201883460806e-01,  4.468228894126402e-01, -2.335631542646048e-01,  2.566671126270611e-02
  1.910000000000000e+00, -2.489488647830197e+00,  1.542449141116748e-01, -1.536963737149836e+00,  2.142489785413565e-01,  7.235757640177881e-01,  2.061117182107225e-01, -4.529852230043855e-01,  3.082044148232705e-01, -3.068969534439765e-01,  4.503041194747600e-01,  4.335444939054958e-01, -2.353680675440823e-01,  2.501692202831746e-02
  1.920000000000000e+00, -2.495313081442827e+00,  1.481184426122767e-01, -1.538930044491297e+00,  2.115191453993076e-01,  7.241269767099483e-01,  2.059824435894286e-01, -4.472968771733984e-01,  3.052572225363716e-01, -3.226100661417028e-01,  4.395759612948867e-01,  4.199318708750170e-01, -2.368722978784334e-01,  2.431750370824283e-02
  1.930000000000000e+00, -2.500940320260901e+00,  1.422016488381916e-01, -1.540638547839273e+00,  2.089608701221187e-01,  7.246643182377056e-01,  2.058490945460414e-01, -4.417570833457864e-01,  3.023190817373974e-01, -3.382026402664835e-01,  4.296524840955780e-01,  4.060036601299441e-01, -2.382574811467710e-01,  2.357062723782635e-02
  1.940000000000000e+00, -2.506346409420877e+00,  1.365099872168591e-01, -1.542122635636383e+00,  2.065685126636507e-01,  7.251861093945214e-01,  2.057129944934386e-01, -4.364361986070160e-01,  2.994360060409653e-01, -3.535922562075170e-01,  4.204681955882710e-01,  3.917639799902126e-01, -2.396744903350081e-01,  2.278279585101255e-02
  1.950000000000000e+00, -2.511521384063855e+00,  1.310464142404998e-01, -1.543415661797625e+00,  2.043319608946464e-01,  7.256918068628868e-01,  2.055751356401938e-01, -4.313816809335436e-01,  2.966541733631184e-01, -3.687094420830513e-01,  4.119581194616050e-01,  3.773691080500288e-01, -2.412010425778861e-01,  2.197405170622859e-02
  1.960000000000000e+00, -2.516475722490994e+00,  1.258031883435115e-01, -1.544534944603587e+00,  2.022392138840478e-01,  7.261810874241847e-01,  2.054365206012675e-01, -4.266319343384511e-01,  2.939721199686024e-01, -3.834924058429808e-01,  4.040880224943536e-01,  3.628882771967287e-01, -2.428605179167813e-01,  2.115669515633177e-02
  1.970000000000000e+00, -2.521235644331534e+00,  1.207662409602441e-01, -1.545480218789578e+00,  2.002784033635502e-01,  7.266534290104872e-01,  2.052982646348291e-01, -4.222149657251280e-01,  2.913587074445350e-01, -3.978880858776579e-01,  3.968393391732590e-01,  3.483892264458826e-01, -2.446147944732395e-01,  2.033946187256441e-02
  1.980000000000000e+00, -2.525827851430472e+00,  1.159219768339070e-01, -1.546246663810507e+00,  1.984391804502330e-01,  7.271082401470924e-01,  2.051614291950615e-01, -4.181435320965904e-01,  2.887955034031250e-01, -4.118522279359823e-01,  3.901795410149628e-01,  3.340930129174597e-01, -2.463507491257455e-01,  1.953971727886524e-02
  1.990000000000000e+00, -2.530282959700032e+00,  1.112576776347428e-01, -1.546818613125426e+00,  1.967132539622905e-01,  7.275444344598158e-01,  2.050272284334737e-01, -4.144307476565853e-01,  2.862456602508858e-01, -4.253456441965272e-01,  3.840903471403211e-01,  3.201550333261260e-01, -2.479316833692382e-01,  1.876749291623011e-02
  2.000000000000000e+00, -2.534628490725209e+00,  1.067636487611298e-01, -1.547178003018281e+00,  1.950942637184065e-01,  7.279606717198593e-01,  2.048969006105988e-01, -4.110977308067046e-01,  2.836545365088521e-01, -4.383322922813538e-01,  3.785722340955806e-01,  3.065998654165384e-01, -2.492323988914702e-01,  1.802249981438563e-02
  2.010000000000000e+00, -2.538877350084479e+00,  1.024355146523068e-01, -1.547320812252042e+00,  1.935770069395254e-01,  7.283560482228318e-01,  2.047713624877534e-01, -4.081602617189168e-01,  2.809971257304767e-01, -4.507861236967066e-01,  3.736094686397682e-01,  2.935579608371244e-01, -2.501204611748920e-01,  1.731176013167027e-02
  2.020000000000000e+00, -2.543035514576399e+00,  9.827358065469624e-02, -1.547245874436514e+00,  1.921580096368988e-01,  7.287294964595917e-01,  2.046515130568235e-01, -4.056432978221569e-01,  2.782425866087187e-01, -4.626895875286393e-01,  3.691992290332372e-01,  2.810713605583077e-01, -2.505014421948737e-01,  1.663449449992897e-02
  2.030000000000000e+00, -2.547095875625712e+00,  9.428543280931327e-02, -1.546961813255478e+00,  1.908356780823704e-01,  7.290799131753503e-01,  2.045381488786885e-01, -4.035685404238449e-01,  2.753897188747261e-01, -4.740394420283437e-01,  3.653242149322726e-01,  2.692993016609360e-01, -2.502830911078961e-01,  1.599754042542435e-02
  2.040000000000000e+00, -2.551046160440240e+00,  9.048677404059967e-02, -1.546472738465253e+00,  1.896116136134070e-01,  7.294052266979483e-01,  2.044324138860038e-01, -4.019720793240462e-01,  2.724230071271380e-01, -4.848405036399910e-01,  3.619843477717236e-01,  2.582857137270241e-01, -2.494143225756269e-01,  1.539839700353729e-02
  2.050000000000000e+00, -2.554862379886645e+00,  8.690445858784003e-02, -1.545785262828953e+00,  1.884908541438626e-01,  7.297024720988017e-01,  2.043357421883410e-01, -4.008944617141985e-01,  2.693381297667616e-01, -4.951043178732463e-01,  3.591700108983423e-01,  2.481027202475527e-01, -2.478572883945291e-01,  1.483737360162525e-02
  2.060000000000000e+00, -2.558510066974230e+00,  8.357491223254904e-02, -1.544909790107598e+00,  1.874810945549689e-01,  7.299679787427257e-01,  2.042498029642532e-01, -4.003766369180141e-01,  2.661388408011394e-01, -5.048421926512582e-01,  3.568627949091374e-01,  2.388120728090156e-01, -2.455959052101362e-01,  1.431610838898533e-02
  2.070000000000000e+00, -2.561946448513178e+00,  8.053785072798338e-02, -1.543867567418885e+00,  1.865900307075497e-01,  7.301983689049626e-01,  2.041760989418147e-01, -4.004409469872416e-01,  2.628495146604375e-01, -5.140588988493277e-01,  3.550280758897506e-01,  2.305014028695206e-01, -2.426295166073225e-01,  1.384080942394815e-02
  2.080000000000000e+00, -2.565131590449363e+00,  7.782518651161345e-02, -1.542689109293842e+00,  1.858220628477877e-01,  7.303915627585726e-01,  2.041156002479668e-01, -4.010806274796515e-01,  2.594914928022654e-01, -5.227401135507480e-01,  3.536391538997614e-01,  2.231104323508259e-01, -2.390122138987694e-01,  1.340790487110634e-02
  2.090000000000000e+00, -2.568025035517298e+00,  7.545135907316734e-02, -1.541435135077338e+00,  1.851738018725413e-01,  7.305489947983568e-01,  2.040677520974041e-01, -4.022157581273162e-01,  2.561358128102652e-01, -5.308490346564320e-01,  3.526374925295708e-01,  2.166866925738082e-01, -2.347998207949158e-01,  1.302206679137722e-02
  2.100000000000000e+00, -2.570595535314037e+00,  7.340368042922144e-02, -1.540193982123298e+00,  1.846315772026986e-01,  7.306764709829464e-01,  2.040301363602257e-01, -4.036892871684347e-01,  2.528811781937420e-01, -5.383167602386556e-01,  3.519538995432800e-01,  2.112377131096738e-01, -2.300828473265633e-01,  1.268368548667864e-02
  2.110000000000000e+00, -2.572823100467907e+00,  7.164218235951528e-02, -1.539077011067141e+00,  1.841720269681983e-01,  7.307839622552222e-01,  2.039985478210415e-01, -4.052727323744681e-01,  2.498544717737639e-01, -5.450451363140538e-01,  3.515047745996888e-01,  2.067683705311643e-01, -2.249780542377013e-01,  1.239086770467725e-02
  2.120000000000000e+00, -2.574698509561172e+00,  7.011202294775208e-02, -1.538198548659559e+00,  1.837676583849409e-01,  7.308832275957775e-01,  2.039680032421422e-01, -4.067031779106024e-01,  2.471916963144747e-01, -5.509190299198604e-01,  3.511972681756388e-01,  2.032786593423772e-01, -2.196268102278665e-01,  1.213916520252053e-02
  2.130000000000000e+00, -2.576218442873694e+00,  6.876462240265251e-02, -1.537650153525852e+00,  1.833953399513009e-01,  7.309842114259901e-01,  2.039342700715700e-01, -4.077347854498486e-01,  2.450135284145272e-01, -5.558247703129947e-01,  3.509369672381092e-01,  2.007639359687254e-01, -2.141903996061347e-01,  1.192282373021998e-02
  2.140000000000000e+00, -2.577379169874861e+00,  6.757668636503711e-02, -1.537481498620497e+00,  1.830434440472871e-01,  7.310920088853117e-01,  2.038951577028614e-01, -4.081828090546164e-01,  2.434061747407708e-01, -5.596663729743936e-01,  3.506365842569907e-01,  1.992117700228839e-01, -2.088434755749622e-01,  1.173647525609294e-02
  2.150000000000000e+00, -2.578172151274278e+00,  6.655872021727588e-02, -1.537695101793033e+00,  1.827145955301242e-01,  7.312056590901166e-01,  2.038510421897778e-01, -4.079467052670165e-01,  2.424142652304517e-01, -5.623738894893947e-01,  3.502240278384932e-01,  1.985956302117663e-01, -2.037682831351793e-01,  1.157551950460024e-02
  2.160000000000000e+00, -2.578583486806973e+00,  6.575147583289828e-02, -1.538253542619391e+00,  1.824237819255521e-01,  7.313188579512768e-01,  2.038045863248695e-01, -4.070115602858644e-01,  2.420451170629036e-01, -5.639039824149454e-01,  3.496502770688588e-01,  1.988730411713537e-01, -1.991495230209410e-01,  1.143531100024415e-02
  2.170000000000000e+00, -2.578596174754768e+00,  6.521404487220622e-02, -1.539094713778045e+00,  1.821934147886354e-01,  7.314219913471635e-01,  2.037598935505765e-01, -4.054340128665804e-01,  2.422803511052099e-01, -5.642351008857219e-01,  3.488967565156218e-01,  1.999895385298048e-01, -1.951670482395322e-01,  1.131057810704962e-02
  2.180000000000000e+00, -2.578192015905403e+00,  6.500995537133160e-02, -1.540150466480894e+00,  1.820476877931186e-01,  7.315046110046926e-01,  2.037214453277505e-01, -4.033212492195257e-01,  2.430906064675874e-01, -5.633596763107834e-01,  3.479795824146369e-01,  2.018844973944690e-01, -1.919843504311245e-01,  1.119550290939011e-02
  2.190000000000000e+00, -2.577353881382268e+00,  6.519624148100696e-02, -1.541359480416248e+00,  1.820084278224750e-01,  7.315573209308605e-01,  2.036932753575231e-01, -4.008111810478955e-01,  2.444457679946041e-01, -5.612765426809446e-01,  3.469501492928317e-01,  2.044956656930280e-01, -1.897333052528554e-01,  1.108407768914415e-02
  2.200000000000000e+00, -2.576072523482776e+00,  6.581654868468341e-02, -1.542665401996698e+00,  1.820933841761764e-01,  7.315724166813951e-01,  2.036787040444929e-01, -3.980585146359181e-01,  2.463128695474635e-01, -5.579866614852982e-01,  3.458936764474010e-01,  2.077614616681201e-01, -1.884981647029600e-01,  1.097070765337017e-02
  2.210000000000000e+00, -2.574356382130982e+00,  6.689727421633765e-02, -1.544005013285144e+00,  1.823162012864173e-01,  7.315436288202023e-01,  2.036804823622900e-01, -3.952255703939143e-01,  2.486449541064155e-01, -5.534935770314713e-01,  3.449261098604316e-01,  2.116223139430189e-01, -1.883034301705471e-01,  1.085116336416745e-02
  2.220000000000000e+00, -2.572236352177178e+00,  6.844570573673923e-02, -1.545302830638055e+00,  1.826864130759005e-01,  7.314660281849927e-01,  2.037008404794209e-01, -3.924718264741474e-01,  2.513755810415242e-01, -5.478081431366937e-01,  3.441901321022556e-01,  2.160206969728410e-01, -1.891101910118222e-01,  1.072388029459946e-02
  2.230000000000000e+00, -2.569760911270303e+00,  7.044985851961949e-02, -1.546480845480624e+00,  1.832086352340995e-01,  7.313366352021712e-01,  2.037411806063674e-01, -3.899388597705714e-01,  2.544274165166451e-01, -5.409547828418588e-01,  3.438509759263426e-01,  2.208991562533009e-01, -1.908230504564656e-01,  1.059173287926867e-02
  2.240000000000000e+00, -2.566983603253915e+00,  7.288220823489359e-02, -1.547475914763360e+00,  1.838822021776981e-01,  7.311550683453307e-01,  2.038017208553754e-01, -3.877358203106910e-01,  2.577279243497532e-01, -5.329755127501207e-01,  3.440895392833827e-01,  2.262020560801052e-01, -1.933030684653367e-01,  1.046392133382153e-02
  2.250000000000000e+00, -2.563945743922272e+00,  7.571026110702238e-02, -1.548254267552970e+00,  1.847030630321667e-01,  7.309233236971057e-01,  2.038814997121866e-01, -3.859331128912639e-01,  2.612231495865606e-01, -5.239298784137986e-01,  3.450899760201525e-01,  2.318879746345039e-01, -1.963794042378579e-01,  1.035680956216346e-02
  2.260000000000000e+00, -2.560658862596458e+00,  7.891106470319993e-02, -1.548819020694595e+00,  1.856675483851192e-01,  7.306447605668906e-01,  2.039787213298371e-01, -3.845652354228928e-01,  2.648865184476370e-01, -5.138911551396110e-01,  3.470225187153324e-01,  2.379486658336532e-01, -1.998598637515754e-01,  1.029349140690177e-02
  2.270000000000000e+00, -2.557096781285852e+00,  8.248084585242331e-02, -1.549207178875592e+00,  1.867756974833245e-01,  7.303229847494558e-01,  2.040911898306569e-01, -3.836370417515431e-01,  2.687184578300059e-01, -5.029394324937582e-01,  3.500241801024199e-01,  2.444238271363368e-01, -2.035446603110946e-01,  1.030289067754879e-02
  2.280000000000000e+00, -2.553205388357189e+00,  8.643362535818355e-02, -1.549472640122546e+00,  1.880324670242037e-01,  7.299610264395451e-01,  2.042167115886419e-01, -3.831283308119586e-01,  2.727323891550213e-01, -4.911524630459842e-01,  3.541806650520006e-01,  2.514048043964605e-01, -2.072424572206104e-01,  1.041787743897211e-02
  2.290000000000000e+00, -2.548927282105157e+00,  9.078973393199521e-02, -1.549660147598265e+00,  1.894465083382812e-01,  7.295609803441987e-01,  2.043533885228903e-01, -3.829956474348072e-01,  2.769319094938604e-01, -4.785969771073650e-01,  3.595155435370331e-01,  2.590242142342720e-01, -2.107845119693603e-01,  1.067145444523324e-02
  2.300000000000000e+00, -2.544229665507226e+00,  9.555989181497776e-02, -1.549782704500954e+00,  1.910270349082756e-01,  7.291242450333024e-01,  2.044996895279164e-01, -3.831719510477167e-01,  2.812919802452001e-01, -4.653236144307719e-01,  3.659918770760558e-01,  2.674333916016563e-01, -2.140360927140164e-01,  1.109209541084836e-02
  2.310000000000000e+00, -2.539123378825458e+00,  1.007325122685795e-01, -1.549811610009532e+00,  1.927803170378797e-01,  7.286521212476806e-01,  2.046543393979857e-01, -3.835663833434391e-01,  2.857529311924518e-01, -4.513660772574784e-01,  3.735241331269833e-01,  2.767736148919455e-01, -2.169084708302549e-01,  1.169973956951645e-02
  2.320000000000000e+00, -2.533666896647815e+00,  1.062701733345769e-01, -1.549679351718363e+00,  1.947077541738697e-01,  7.281462201921440e-01,  2.048162137020380e-01, -3.840678369622135e-01,  2.902268384579006e-01, -4.367426113259494e-01,  3.819933158913947e-01,  2.871464519549138e-01, -2.193725875528811e-01,  1.250245243477613e-02
  2.330000000000000e+00, -2.527956485622981e+00,  1.121153449176651e-01, -1.549291438678023e+00,  1.968061176694250e-01,  7.276084956158920e-01,  2.049843062569618e-01, -3.845539737450155e-01,  2.946121513360482e-01, -4.214580895697073e-01,  3.912605785561538e-01,  2.985893289633991e-01, -2.214702122518553e-01,  1.349378808284352e-02
  2.340000000000000e+00, -2.522107727633679e+00,  1.182008792694275e-01, -1.548543873953844e+00,  1.990690187538570e-01,  7.270411827017047e-01,  2.051576682114859e-01, -3.849040205107002e-01,  2.988127198945233e-01, -4.055068642735440e-01,  4.011785862072136e-01,  3.110617099269737e-01, -2.233168264635415e-01,  1.465176457468586e-02
  2.350000000000000e+00, -2.516234862674535e+00,  1.244615485229823e-01, -1.547340198245126e+00,  2.014890710335534e-01,  7.264466768095914e-01,  2.053353351742851e-01, -3.850142888291919e-01,  3.027493487616473e-01, -3.888768860785898e-01,  4.116045350075671e-01,  3.244155850480889e-01, -2.250950258002553e-01,  1.593758888256369e-02
  2.360000000000000e+00, -2.510425483017906e+00,  1.308461703567717e-01, -1.545612294613304e+00,  2.040604086674088e-01,  7.258276526221639e-01,  2.055160941871597e-01, -3.848019585410991e-01,  3.063921107830438e-01, -3.715596263237959e-01,  4.223879617521618e-01,  3.385440059885715e-01, -2.269998677094485e-01,  1.730874760070131e-02
  2.370000000000000e+00, -2.504733414198453e+00,  1.373249411459039e-01, -1.543316267777704e+00,  2.067821817582993e-01,  7.251863070415115e-01,  2.056986848990326e-01, -3.842255421442552e-01,  3.097231253616879e-01, -3.535548891576917e-01,  4.333995767230997e-01,  3.532037036887393e-01, -2.292386949160354e-01,  1.870872749916057e-02
  2.380000000000000e+00, -2.499168931919669e+00,  1.438918100663378e-01, -1.540440256512980e+00,  2.096595734067062e-01,  7.245247497406807e-01,  2.058815120248091e-01, -3.832779653192494e-01,  3.127590196355758e-01, -3.348823929988585e-01,  4.445134890808373e-01,  3.681749550545740e-01, -2.319712338718152e-01,  2.008436528320923e-02
  2.390000000000000e+00, -2.493705489858327e+00,  1.505595440638899e-01, -1.536997812175205e+00,  2.127034093968816e-01,  7.238451994450062e-01,  2.060625656714751e-01, -3.819852054594636e-01,  3.155389032537019e-01, -3.155855640328033e-01,  4.556151196205362e-01,  3.832316033761503e-01, -2.352951385259205e-01,  2.138853025794185e-02
  2.400000000000000e+00, -2.488291153349787e+00,  1.573519642630963e-01, -1.533019967002294e+00,  2.159285940447322e-01,  7.231502880685958e-01,  2.062393613194540e-01, -3.803982497602143e-01,  3.181180015336724e-01, -2.957296876353095e-01,  4.666029515058852e-01,  3.981495257164747e-01, -2.392346398219198e-01,  2.258421183341417e-02
  2.410000000000000e+00, -2.482862579744121e+00,  1.642944799715756e-01, -1.528548100536593e+00,  2.193513890030374e-01,  7.224434499290197e-01,  2.064089114361412e-01, -3.785816469458889e-01,  3.205615414921570e-01, -2.753956701072091e-01,  4.773896968370427e-01,  4.127215596450283e-01, -2.437390155633286e-01,  2.364642734921191e-02
  2.420000000000000e+00, -2.477359005677839e+00,  1.714038974943742e-01, -1.523630308545336e+00,  2.229854637380713e-01,  7.217294108446667e-01,  2.065677248368670e-01, -3.766008031497952e-01,  3.229389215143353e-01, -2.546734194361224e-01,  4.879063544575401e-01,  4.267688511216544e-01, -2.486898867827343e-01,  2.456095605550523e-02
  2.430000000000000e+00, -2.471730238665397e+00,  1.786819346797286e-01, -1.518322449577787e+00,  2.268384316215234e-01,  7.210144957226419e-01,  2.067118765710655e-01, -3.745121428707400e-01,  3.253256083275914e-01, -2.336572759791660e-01,  4.981031011381258e-01,  4.401707097888749e-01, -2.539108722382029e-01,  2.532292624583709e-02
  2.440000000000000e+00, -2.465946014643427e+00,  1.861142573552321e-01, -1.512677553751470e+00,  2.309114528595923e-01,  7.203058934021236e-01,  2.068374517262233e-01, -3.723660383119197e-01,  3.277703723207256e-01, -2.124409489394697e-01,  5.079682721415757e-01,  4.527139158553143e-01, -2.592023842086002e-01,  2.592418445257586e-02
  2.450000000000000e+00, -2.459985705026788e+00,  1.936757533350140e-01, -1.506754688058671e+00,  2.351998534391253e-01,  7.196114935031577e-01,  2.069405966642678e-01, -3.702009254331275e-01,  3.303353394290156e-01, -1.911188869950000e-01,  5.174992375697522e-01,  4.643002056090675e-01, -2.643395584069976e-01,  2.636610418053234e-02
  2.460000000000000e+00, -2.453843662695165e+00,  2.013343355113603e-01, -1.500604856294971e+00,  2.396954447628342e-01,  7.189387752887624e-01,  2.070179753346796e-01, -3.680509654685492e-01,  3.330601143090466e-01, -1.697831036425793e-01,  5.267165024613030e-01,  4.748012844288541e-01, -2.691169273811131e-01,  2.665003343146915e-02
  2.470000000000000e+00, -2.447523498371121e+00,  2.090556452969282e-01, -1.494272151417928e+00,  2.443881644541719e-01,  7.182944912806523e-01,  2.070668230601838e-01, -3.659474416818956e-01,  3.359676201952527e-01, -1.485234666200501e-01,  5.356528552608473e-01,  4.841095656192801e-01, -2.733646950999356e-01,  2.678034240014128e-02
  2.480000000000000e+00, -2.441033927030753e+00,  2.168067646005769e-01, -1.487793406626792e+00,  2.492677400412827e-01,  7.176844284148958e-01,  2.070849541689490e-01, -3.639220746057791e-01,  3.390646154268640e-01, -1.274287339364208e-01,  5.443480581646809e-01,  4.921508278906460e-01, -2.769601274223223e-01,  2.676379463654724e-02
  2.490000000000000e+00, -2.434387094397222e+00,  2.245582387184986e-01, -1.481196685040134e+00,  2.543249015143487e-01,  7.171132838894563e-01,  2.070707361007062e-01, -3.620086933257826e-01,  3.423423251360463e-01, -1.065890432492733e-01,  5.528464894194461e-01,  4.988920018730049e-01, -2.798314782838156e-01,  2.660863991442674e-02
  2.500000000000000e+00, -2.427598409883417e+00,  2.322845108931164e-01, -1.474500418526781e+00,  2.595518502305206e-01,  7.165846920990122e-01,  2.070230307426562e-01, -3.602426645905550e-01,  3.457767540516780e-01, -8.609894768275604e-02,  5.611980822770662e-01,  5.043404959338899e-01, -2.819582870195048e-01,  2.632502043230929e-02
  2.510000000000000e+00, -2.420687112914511e+00,  2.399631919155077e-01, -1.467713926309021e+00,  2.649419587650531e-01,  7.161013654395993e-01,  2.069411257324032e-01, -3.586585430238505e-01,  3.493291528638817e-01, -6.605884867766720e-02,  5.694609557245697e-01,  5.085361775470235e-01, -2.833684475393885e-01,  2.592676481575579e-02
  2.520000000000000e+00, -2.413677805921442e+00,  2.475729336525008e-01, -1.460839889791492e+00,  2.704882958650742e-01,  7.156653205315349e-01,  2.068246965344261e-01, -3.572853972649024e-01,  3.529478006094564e-01, -4.657260339427483e-02,  5.777037073028964e-01,  5.115471297305857e-01, -2.841264115569713e-01,  2.543249682226875e-02
  2.530000000000000e+00, -2.406601693840734e+00,  2.550908085615064e-01, -1.453879060103817e+00,  2.761812840475258e-01,  7.152781122773081e-01,  2.066738196513736e-01, -3.561408902338820e-01,  3.565718814551778e-01, -2.774128633041229e-02,  5.860052266520814e-01,  5.134770551067925e-01, -2.843094496912020e-01,  2.486456305038011e-02
  2.540000000000000e+00, -2.399495577039182e+00,  2.624910131006198e-01, -1.446835897255361e+00,  2.820067574112444e-01,  7.149409665338727e-01,  2.064890136207040e-01, -3.552274435750561e-01,  3.601364965341720e-01, -9.656044116787825e-03,  5.944512903058652e-01,  5.144769557661705e-01, -2.839830116232311e-01,  2.424690229103091e-02
  2.550000000000000e+00, -2.392399722207584e+00,  2.697444411505585e-01, -1.439724022376520e+00,  2.879444078527107e-01,  7.146548115188511e-01,  2.062713078299091e-01, -3.545315261260889e-01,  3.635767503371591e-01,  7.607109565747070e-03,  6.031307726492179e-01,  5.147467440160421e-01, -2.831900153870663e-01,  2.360318297329245e-02
  2.560000000000000e+00, -2.385358246300482e+00,  2.768176891297564e-01, -1.432569361423646e+00,  2.939658873829903e-01,  7.144201657308688e-01,  2.060224071262761e-01, -3.540245257048055e-01,  3.668289962968732e-01,  2.399073478644688e-02,  6.121338498006501e-01,  5.145195204706200e-01, -2.819535194830216e-01,  2.295512535148591e-02
  2.570000000000000e+00, -2.378421803248628e+00,  2.836721372095356e-01, -1.425410004456291e+00,  3.000330604946317e-01,  7.142368535376067e-01,  2.057449359650008e-01, -3.536645325855067e-01,  3.698302640636232e-01,  3.945841656772617e-02,  6.215508275931575e-01,  5.140351115032799e-01, -2.802804820694407e-01,  2.232141093709686e-02
  2.580000000000000e+00, -2.371655626999541e+00,  2.902625179271379e-01, -1.418290015669223e+00,  3.060961915856348e-01,  7.141034820871702e-01,  2.054428114619913e-01, -3.533955083595033e-01,  3.725036166203052e-01,  5.399894162023633e-02,  6.314741731000590e-01,  5.134705435079762e-01, -2.781671164682271e-01,  2.171485982585573e-02
  2.590000000000000e+00, -2.365112276330934e+00,  2.965450038802331e-01, -1.411279475130290e+00,  3.120977010712398e-01,  7.140179751605054e-01,  2.051207091044987e-01, -3.531643597037790e-01,  3.748210634930040e-01,  6.761076858379624e-02,  6.419752646338102e-01,  5.131178532246605e-01, -2.755666029807071e-01,  2.115482252417396e-02
  2.600000000000000e+00, -2.358871321713787e+00,  3.024696609445597e-01, -1.404436930216564e+00,  3.179689148278487e-01,  7.139761016309616e-01,  2.047850383840212e-01, -3.529057175714659e-01,  3.767102192771120e-01,  8.032044618325497e-02,  6.531277088256935e-01,  5.130859753241143e-01, -2.724417547835625e-01,  2.064973441809457e-02
  2.610000000000000e+00, -2.353012351239066e+00,  3.079893925597762e-01, -1.397825257050527e+00,  3.236359405700174e-01,  7.139721818175618e-01,  2.044431996545370e-01, -3.525596648192918e-01,  3.781172169091463e-01,  9.216739649398414e-02,  6.649819362223673e-01,  5.135002327890019e-01, -2.687472000203452e-01,  2.021043493964870e-02
  2.620000000000000e+00, -2.347615991228917e+00,  3.130623239266020e-01, -1.391501795215226e+00,  3.290236675294957e-01,  7.139990937807555e-01,  2.041033449388859e-01, -3.520748987857237e-01,  3.789945888338555e-01,  1.032000977071035e-01,  6.775685602076725e-01,  5.144532813845032e-01, -2.644465822946755e-01,  1.984792114228710e-02
  2.630000000000000e+00, -2.342753880986842e+00,  3.176564242665067e-01, -1.385516643213232e+00,  3.340620256790792e-01,  7.140488273957223e-01,  2.037737210985134e-01, -3.514156080804784e-01,  3.793074227679469e-01,  1.134639786489262e-01,  6.908993556978155e-01,  5.160150565200309e-01, -2.595146831115884e-01,  1.957360979873915e-02
  2.640000000000000e+00, -2.338477677042406e+00,  3.217537156200903e-01, -1.379911678093773e+00,  3.386928491834785e-01,  7.141132481148557e-01,  2.034618757906289e-01, -3.505678418839258e-01,  3.790379026286170e-01,  1.229870117613057e-01,  7.049698795126427e-01,  5.182459967046747e-01, -2.539372350694706e-01,  1.939931523699433e-02
  2.650000000000000e+00, -2.334800406422906e+00,  3.253569949458118e-01, -1.374721822257111e+00,  3.428799190533077e-01,  7.141852079254231e-01,  2.031734951365292e-01, -3.495514040864991e-01,  3.781992420658996e-01,  1.317569367566994e-01,  7.197629687555555e-01,  5.212192010673145e-01, -2.477095377043448e-01,  1.933850749998477e-02
  2.660000000000000e+00, -2.331729657391636e+00,  3.284753799092585e-01, -1.369965556369434e+00,  3.465977673170301e-01,  7.142580756223196e-01,  2.029133549684496e-01, -3.483919966708000e-01,  3.767871475398424e-01,  1.397529971927614e-01,  7.352478916023010e-01,  5.249617958737343e-01, -2.408585832996972e-01,  1.940106257167312e-02
  2.670000000000000e+00, -2.329215686205298e+00,  3.311437016440750e-01, -1.365657657231062e+00,  3.498531394866765e-01,  7.143277367389036e-01,  2.026829947552949e-01, -3.471609251862016e-01,  3.748467422229042e-01,  1.468946790487011e-01,  7.513806532080781e-01,  5.295284195124327e-01, -2.334236458906451e-01,  1.960019589894488e-02
  2.680000000000000e+00, -2.327202062714658e+00,  3.333999486184117e-01, -1.361802424487208e+00,  3.526630780612606e-01,  7.143912871048512e-01,  2.024827383651128e-01, -3.459366121827051e-01,  3.724162082342605e-01,  1.530949056078769e-01,  7.681001096896017e-01,  5.349148516778091e-01, -2.254735615267636e-01,  1.994686908884583e-02
  2.690000000000000e+00, -2.325638477230453e+00,  3.352765527027079e-01, -1.358402868004291e+00,  3.550440809455333e-01,  7.144465704501353e-01,  2.023125837442047e-01, -3.447950971799941e-01,  3.695299739923666e-01,  1.582756178653869e-01,  7.853248233579162e-01,  5.410554043254240e-01, -2.170962424181695e-01,  2.045011244081422e-02
  2.700000000000000e+00, -2.324504678025253e+00,  3.367872722383903e-01, -1.355469014970994e+00,  3.569954591330086e-01,  7.144911476849677e-01,  2.021737299746579e-01, -3.437917852073375e-01,  3.662115597429706e-01,  1.623928641192449e-01,  8.029495750223368e-01,  5.478198507718451e-01, -2.083905541572209e-01,  2.111493148186649e-02
  2.710000000000000e+00, -2.323826642970242e+00,  3.379184434094362e-01, -1.353024451610797e+00,  3.584872825449024e-01,  7.145214439421013e-01,  2.020697327939907e-01, -3.429482091862994e-01,  3.624711448092688e-01,  1.654522792629646e-01,  8.208434809656981e-01,  5.550321293107483e-01, -1.994563948887382e-01,  2.194066674661992e-02
  2.720000000000000e+00, -2.323676670583934e+00,  3.386287347428719e-01, -1.351108412047338e+00,  3.594589485313929e-01,  7.145325650004969e-01,  2.020066789752879e-01, -3.422502733071573e-01,  3.583096208982518e-01,  1.675061203497332e-01,  8.388526429436517e-01,  5.625005251667829e-01, -1.903831324981258e-01,  2.292070473745617e-02
  2.730000000000000e+00, -2.324156530875906e+00,  3.388578800325254e-01, -1.349771795327212e+00,  3.598299727009420e-01,  7.145189804943957e-01,  2.019921877884629e-01, -3.416598744084444e-01,  3.537274717337676e-01,  1.686316430051992e-01,  8.568069281988659e-01,  5.700414457486396e-01, -1.812445806594529e-01,  2.404336565089439e-02
  2.740000000000000e+00, -2.325370467125026e+00,  3.385410332939041e-01, -1.349067730134102e+00,  3.595192589058394e-01,  7.144758631309206e-01,  2.020335749856592e-01, -3.411351695561343e-01,  3.487343949029763e-01,  1.689002723081683e-01,  8.745267249410794e-01,  5.774898744479323e-01, -1.721054191864566e-01,  2.529372277152838e-02
  2.750000000000000e+00, -2.327396966574157e+00,  3.376241580866207e-01, -1.349039680671344e+00,  3.584664803618379e-01,  7.144006205007281e-01,  2.021357964249482e-01, -3.406520591384244e-01,  3.433568231242822e-01,  1.683490174802894e-01,  8.918255567703398e-01,  5.847041907647750e-01, -1.630312157094349e-01,  2.665549754541712e-02
  2.760000000000000e+00, -2.330265980501794e+00,  3.360770554505706e-01, -1.349710632181970e+00,  3.566498472370758e-01,  7.142941195899409e-01,  2.022997644245222e-01, -3.402213990834670e-01,  3.376426211028497e-01,  1.669613606723598e-01,  9.085083359963210e-01,  5.915732203631188e-01, -1.540931767252793e-01,  2.811216333400248e-02
  2.770000000000000e+00, -2.333953686886659e+00,  3.338979898784713e-01, -1.351077004688685e+00,  3.540916826877059e-01,  7.141609197416724e-01,  2.025218970221511e-01, -3.398919928511605e-01,  3.316559165871847e-01,  1.646721782249836e-01,  9.243656110897654e-01,  5.980235643791797e-01, -1.453688292354363e-01,  2.964674851107787e-02
  2.780000000000000e+00, -2.338352504065658e+00,  3.311310465253801e-01, -1.353104209605837e+00,  3.508750657968445e-01,  7.140098921247787e-01,  2.027927839184600e-01, -3.397812588306208e-01,  3.255043014709147e-01,  1.613432940685063e-01,  9.391734781654065e-01,  6.040174474333057e-01, -1.369413360509009e-01,  3.124485025701284e-02
  2.790000000000000e+00, -2.343330406899292e+00,  3.278388759320087e-01, -1.355734805120426e+00,  3.471071478086356e-01,  7.138512648524260e-01,  2.031008917234393e-01, -3.400251393128887e-01,  3.192915680755174e-01,  1.568519199456754e-01,  9.526776683810517e-01,  6.095584084508786e-01, -1.289046844803015e-01,  3.289043278913340e-02
  2.800000000000000e+00, -2.348717049667989e+00,  3.241116439767186e-01, -1.358890994675812e+00,  3.429231450624474e-01,  7.136961635820509e-01,  2.034325273383634e-01, -3.407972657576253e-01,  3.131429399117707e-01,  1.510829911361088e-01,  9.645981228002423e-01,  6.146871129067399e-01, -1.213628864543372e-01,  3.456742833768026e-02
  2.810000000000000e+00, -2.354327556063237e+00,  3.200571173406504e-01, -1.362479897257365e+00,  3.384695778284574e-01,  7.135548639331902e-01,  2.037737169594649e-01, -3.422888577762424e-01,  3.071915397104469e-01,  1.439631323944849e-01,  9.746326463416622e-01,  6.194735603732584e-01, -1.144276679765330e-01,  3.625687058125548e-02
  2.820000000000000e+00, -2.359969481886382e+00,  3.157979425253292e-01, -1.366398617223971e+00,  3.338968798968006e-01,  7.134358152859200e-01,  2.041111283886331e-01, -3.446970252804796e-01,  3.015733553017655e-01,  1.354692801269796e-01,  9.824686884663570e-01,  6.240038119169495e-01, -1.082094576742916e-01,  3.793487337011500e-02
  2.830000000000000e+00, -2.365444588924898e+00,  3.114683546097024e-01, -1.370545621825445e+00,  3.293525141179456e-01,  7.133451240502011e-01,  2.044327330452771e-01, -3.482107567413386e-01,  2.964241910525637e-01,  1.256285063453987e-01,  9.877992365029282e-01,  6.283670280623567e-01, -1.028022031874949e-01,  3.957166842124363e-02
  2.840000000000000e+00, -2.370558447059140e+00,  3.072029657017494e-01, -1.374839373591680e+00,  3.249679013188833e-01,  7.132863334288083e-01,  2.047287039219778e-01, -3.529882244046988e-01,  2.918752937600250e-01,  1.145215598853070e-01,  9.903399667854760e-01,  6.326421764986595e-01, -9.826784498096819e-02,  4.113188802351106e-02
  2.850000000000001e+00, -2.375146070488645e+00,  3.031162597337386e-01, -1.379233622442395e+00,  3.208400746403570e-01,  7.132604488877009e-01,  2.049925318828361e-01, -3.591255157226524e-01,  2.880425538181015e-01,  1.022942027312053e-01,  9.898439862831885e-01,  6.368854653198643e-01, -9.462913825659758e-02,  4.257605928831021e-02
  2.860000000000000e+00, -2.379104685317783e+00,  2.992817158900345e-01, -1.383716860535177e+00,  3.170177703302279e-01,  7.132662555600737e-01,  2.052217471770432e-01, -3.666294785377555e-01,  2.850108886935814e-01,  8.916700149397790e-02,  9.861117141305955e-01,  6.411213828902300e-01, -9.187205680353805e-02,  4.386317219315483e-02
  2.870000000000000e+00, -2.382415409788354e+00,  2.957214382602398e-01, -1.388296204436703e+00,  3.135000167328997e-01,  7.133008897586827e-01,  2.054177581898616e-01, -3.754101542841395e-01,  2.828230301290057e-01,  7.543118452458679e-02,  9.789965046790720e-01,  6.453397965542461e-01, -8.995133862649118e-02,  4.495347810305849e-02
  2.880000000000000e+00, -2.385142497958584e+00,  2.924095990635949e-01, -1.392978739589477e+00,  3.102463323509341e-01,  7.133605558346580e-01,  2.055848960163517e-01, -3.852959617952298e-01,  2.814812205397112e-01,  6.142496290569729e-02,  9.684095077902293e-01,  6.495035071488033e-01, -8.879729819757265e-02,  4.581022266958840e-02
  2.890000000000000e+00, -2.387410940445458e+00,  2.892856598428181e-01, -1.397763406303772e+00,  3.071921803578664e-01,  7.134413249232174e-01,  2.057290737066703e-01, -3.960620375070212e-01,  2.809630846110050e-01,  4.749318702782156e-02,  9.543277495811340e-01,  6.535647084987811e-01, -8.833002363635734e-02,  4.639987898022980e-02
  2.900000000000000e+00, -2.389371305942002e+00,  2.862717460876906e-01, -1.402645568564767e+00,  3.042644705043482e-01,  7.135399334889233e-01,  2.058564223538492e-01, -4.074602138500125e-01,  2.812442651809463e-01,  3.393958679078933e-02,  9.368057464866442e-01,  6.574759996892495e-01, -8.848529420534179e-02,  4.669233448113792e-02
  2.910000000000000e+00, -2.391165134639822e+00,  2.832891725334850e-01, -1.407626227408541e+00,  3.013942283147667e-01,  7.136543761734261e-01,  2.059721955166177e-01, -4.192423389379104e-01,  2.823146708309722e-01,  2.098400727966427e-02,  9.159866532191511e-01,  6.611796019420679e-01, -8.924954153014042e-02,  4.666317119352377e-02
  2.920000000000000e+00, -2.392903622665257e+00,  2.802692913424942e-01, -1.412717732475614e+00,  2.985239861759076e-01,  7.137841136595418e-01,  2.060801944149953e-01, -4.311717531317761e-01,  2.841788101093913e-01,  8.736723625759450e-03,  8.921069199104352e-01,  6.645772027927900e-01, -9.069463123240196e-02,  4.629804552812316e-02
  2.930000000000000e+00, -2.394664287975805e+00,  2.771562970583853e-01, -1.417943651210052e+00,  2.956089580364878e-01,  7.139299271873406e-01,  2.061827615026648e-01, -4.430231090991748e-01,  2.868415140651824e-01, -2.803553926317754e-03,  8.654899358461053e-01,  6.675023960741782e-01, -9.299889289684593e-02,  4.559693548424109e-02
  2.940000000000000e+00, -2.396501181948544e+00,  2.739037401998842e-01, -1.423333926215889e+00,  2.926138964441027e-01,  7.140935871282998e-01,  2.062811413943335e-01, -4.545759441614901e-01,  2.902866344254194e-01, -1.373151877439747e-02,  8.365311225717643e-01,  6.697096626138722e-01, -9.644203800423967e-02,  4.457626817925264e-02
  2.950000000000000e+00, -2.398465479237393e+00,  2.704670055087404e-01, -1.428913664165471e+00,  2.895079657719140e-01,  7.142773685569078e-01,  2.063760505185016e-01, -4.656053905111229e-01,  2.944496782425498e-01, -2.420659479197322e-02,  8.056826212482728e-01,  6.708650237858628e-01, -1.013707061231450e-01,  4.326739664928523e-02
  2.960000000000000e+00, -2.400606141411063e+00,  2.668010570943048e-01, -1.434707532045633e+00,  2.862626825253175e-01,  7.144842063065734e-01,  2.064677187100408e-01, -4.758888660136560e-01,  2.992245220613163e-01, -3.442303210885318e-02,  7.734368519125953e-01,  6.706138724155568e-01, -1.081231897863286e-01,  4.171890029220606e-02
  2.970000000000000e+00, -2.403005473355364e+00,  2.628502932802370e-01, -1.440710382989143e+00,  2.828476991912858e-01,  7.147167588814243e-01,  2.065566513348637e-01, -4.851941886362801e-01,  3.044216461718329e-01, -4.458293099159095e-02,  7.403190189604641e-01,  6.685388029414737e-01, -1.169682162221426e-01,  3.998635791973882e-02
  2.980000000000000e+00, -2.405760989054285e+00,  2.585551666782080e-01, -1.446896153305217e+00,  2.792356616518667e-01,  7.149777939570511e-01,  2.066431202232936e-01, -4.933017942951565e-01,  3.097975156448463e-01, -5.487956556480378e-02,  7.068712096721970e-01,  6.642566982299936e-01, -1.280221001639223e-01,  3.813339084966384e-02
  2.990000000000000e+00, -2.408978640624097e+00,  2.538571510021155e-01, -1.453214390644122e+00,  2.754065615135611e-01,  7.152700389268200e-01,  2.067269669902693e-01, -5.000184565904333e-01,  3.150650549195176e-01, -6.548626355472731e-02,  6.736358994673903e-01,  6.574556481425712e-01, -1.412014249450027e-01,  3.622737043279498e-02
  3.000000000000000e+00, -2.412755290332310e+00,  2.487067204954523e-01, -1.459596656250032e+00,  2.713526184379779e-01,  7.155962174091013e-01,  2.068072675726378e-01, -5.051950636852985e-01,  3.199225552209648e-01, -7.654970626361624e-02,  6.411328582308105e-01,  6.479514532303522e-01, -1.561998096042274e-01,  3.433632118701887e-02
  3.010000000000000e+00, -2.417159871552388e+00,  2.430714135322812e-01, -1.465966630018346e+00,  2.670818542558711e-01,  7.159590399143664e-01,  2.068820966085316e-01, -5.087419428532032e-01,  3.240902414418517e-01, -8.818639553756358e-02,  6.098322212018596e-01,  6.357410846372175e-01, -1.724994147054857e-01,  3.252452015621315e-02
  3.020000000000000e+00, -2.422219191899894e+00,  2.369423459057552e-01, -1.472249404430189e+00,  2.626195924663226e-01,  7.163610026790338e-01,  2.069485205780566e-01, -5.106380934728305e-01,  3.273423589343521e-01, -1.004819528139270e-01,  5.801287985030172e-01,  6.210254723963947e-01, -1.894247590753819e-01,  3.084719902973290e-02
  3.030000000000000e+00, -2.427912190519937e+00,  2.303380593801885e-01, -1.478376772901179e+00,  2.580076618225781e-01,  7.168039276357961e-01,  2.070028748336282e-01, -5.109330871698344e-01,  3.295263523331791e-01, -1.134923154672913e-01,  5.523227200648240e-01,  6.041847972409745e-01, -2.062276926231101e-01,  2.934569936835120e-02
  3.040000000000000e+00, -2.434172483825404e+00,  2.233057317533338e-01, -1.484287933687354e+00,  2.533018305113613e-01,  7.172882885270488e-01,  2.070412737158459e-01, -5.097425276516139e-01,  3.305688569082130e-01, -1.272457899769996e-01,  5.266095655248860e-01,  5.857201235000072e-01, -2.221777945847367e-01,  2.804341493613930e-02
  3.050000000000000e+00, -2.440894882321602e+00,  2.159195913850054e-01, -1.489931275451264e+00,  2.485674223076356e-01,  7.178126651849746e-01,  2.070601783702208e-01, -5.072368634132927e-01,  3.304820148877489e-01, -1.417458388776713e-01,  5.030771816636899e-01,  5.662306559223920e-01, -2.366350762608005e-01,  2.694593467230384e-02
  3.060000000000000e+00, -2.447958957688435e+00,  2.082733261593912e-01, -1.495251876603044e+00,  2.438735088214987e-01,  7.183729295060194e-01,  2.070572181776048e-01, -5.036256288422530e-01,  3.293150748964827e-01, -1.569744884931816e-01,  4.817368501632318e-01,  5.462134213010595e-01, -2.491105337175696e-01,  2.602914114549461e-02
  3.070000000000000e+00, -2.455228113379929e+00,  2.004740421524442e-01, -1.500211117378325e+00,  2.392861678279510e-01,  7.189630271506675e-01,  2.070312202337741e-01, -4.991377274981825e-01,  3.271934227171582e-01, -1.728972053801462e-01,  4.625191013835923e-01,  5.262305357773581e-01, -2.592803952457363e-01,  2.525695834249823e-02
  3.080000000000000e+00, -2.462572504808750e+00,  1.926320532558955e-01, -1.504774812936945e+00,  2.348638527595537e-01,  7.195748869897600e-01,  2.069825877938060e-01, -4.940039883201978e-01,  3.242642969003496e-01, -1.894677253528818e-01,  4.453116880070374e-01,  5.067388241685782e-01, -2.670043467639571e-01,  2.457817147375550e-02
  3.090000000000000e+00, -2.469878211958596e+00,  1.848543195310705e-01, -1.508911429776876e+00,  2.306550426938691e-01,  7.201988608615201e-01,  2.069132473001129e-01, -4.884444397918389e-01,  3.206814369965469e-01, -2.066303235210276e-01,  4.299779986020400e-01,  4.880744608274855e-01, -2.723187532770108e-01,  2.393871176783818e-02
  3.100000000000000e+00, -2.477054744928792e+00,  1.772391130699505e-01, -1.512587870024487e+00,  2.266975271932101e-01,  7.208241548215361e-01,  2.068264912253017e-01, -4.826595957132905e-01,  3.165853431652722e-01, -2.243192133450595e-01,  4.163730586053608e-01,  4.704298882880988e-01, -2.754137641639816e-01,  2.329191444492606e-02
  3.110000000000000e+00, -2.484033733320343e+00,  1.698719666947008e-01, -1.515775242424675e+00,  2.230178110993999e-01,  7.214397655183349e-01,  2.067265258249615e-01, -4.768254633153715e-01,  3.120956472341319e-01, -2.424564298883060e-01,  4.043499474997023e-01,  4.538667838701695e-01, -2.765936560561633e-01,  2.260637174462534e-02
  3.120000000000000e+00, -2.490760035212136e+00,  1.628228226607095e-01, -1.518464197708203e+00,  2.196303589796899e-01,  7.220358919496891e-01,  2.066177504558139e-01, -4.710933897379214e-01,  3.073101318694523e-01, -2.609493702215749e-01,  3.937643800220801e-01,  4.383141544763979e-01, -2.762312746208277e-01,  2.186771751895078e-02
  3.130000000000000e+00, -2.497179367277432e+00,  1.561445642569863e-01, -1.520683857263924e+00,  2.165371018839311e-01,  7.226054884937582e-01,  2.065039215673160e-01, -4.655818608606789e-01,  3.023385782366863e-01, -2.796947389522861e-01,  3.844585645690946e-01,  4.237366881572120e-01, -2.747049228586194e-01,  2.108652220553190e-02
  3.140000000000000e+00, -2.503256471032075e+00,  1.498699223702493e-01, -1.522473923908613e+00,  2.137303227130362e-01,  7.231435437376904e-01,  2.063883486834535e-01, -4.603828618309394e-01,  2.972551151983911e-01, -2.985776586800050e-01,  3.762972624255296e-01,  4.099536679835026e-01, -2.723796180649862e-01,  2.027977131853886e-02
  3.150000000000000e+00, -2.508977834344463e+00,  1.440121204354338e-01, -1.523874745814688e+00,  2.111951640090431e-01,  7.236468437340003e-01,  2.062738465844902e-01, -4.555560254762969e-01,  2.921187503759299e-01, -3.174804493742228e-01,  3.691574532436181e-01,  3.967990648020411e-01, -2.695664175524404e-01,  1.947192162693199e-02
  3.160000000000000e+00, -2.514350099852009e+00,  1.385680477147438e-01, -1.524920668338637e+00,  2.089124137033203e-01,  7.241135863943617e-01,  2.061627531826314e-01, -4.511323035032053e-01,  2.869758618367230e-01, -3.362880464717144e-01,  3.629284816430755e-01,  3.841485926092118e-01, -2.665048329122068e-01,  1.868965519177968e-02
  3.170000000000000e+00, -2.519398465511134e+00,  1.335223129146391e-01, -1.525632937762264e+00,  2.068612098578549e-01,  7.245427853593857e-01,  2.060570739179844e-01, -4.471279620401069e-01,  2.818395893677326e-01, -3.548888825900262e-01,  3.575293481481419e-01,  3.717901165337716e-01, -2.633762513313118e-01,  1.794899244489029e-02
  3.180000000000000e+00, -2.524151266818299e+00,  1.288525271451575e-01, -1.526034978348446e+00,  2.050198768460578e-01,  7.249346676975441e-01,  2.059581928865857e-01, -4.435374528602690e-01,  2.767354154185254e-01, -3.731831052989181e-01,  3.528767266658093e-01,  3.596464941264176e-01, -2.602805378979194e-01,  1.726809419551088e-02
  3.190000000000000e+00, -2.528639449608489e+00,  1.245319154577757e-01, -1.526148528426541e+00,  2.033671779145381e-01,  7.252902379060447e-01,  2.058670267725347e-01, -4.403479934814588e-01,  2.716751013760438e-01, -3.910811602662962e-01,  3.489063115622670e-01,  3.476069571269133e-01, -2.572684831637519e-01,  1.665491428803287e-02
  3.200000000000000e+00, -2.532896477216755e+00,  1.205306086932228e-01, -1.525991706204663e+00,  2.018827870536047e-01,  7.256110194318041e-01,  2.057841341964506e-01, -4.375313259569012e-01,  2.666771875192238e-01, -4.085066644295018e-01,  3.455498175093558e-01,  3.356915746959627e-01, -2.543333813241533e-01,  1.611827501397124e-02
  3.210000000000000e+00, -2.536941886114194e+00,  1.168203523132755e-01, -1.525599426148751e+00,  2.005470608977956e-01,  7.258997043162582e-01,  2.057093583072765e-01, -4.350673282147136e-01,  2.617531205281450e-01, -4.253925687898961e-01,  3.427567873397960e-01,  3.238102929069865e-01, -2.514574214034806e-01,  1.565262291231974e-02
  3.220000000000000e+00, -2.540788408530018e+00,  1.133749336743427e-01, -1.525011430301284e+00,  1.993419785197488e-01,  7.261594161244097e-01,  2.056421786029325e-01, -4.329244247785709e-01,  2.569379415042720e-01, -4.416840670173992e-01,  3.404540679429020e-01,  3.120585299347627e-01, -2.485819304063364e-01,  1.525965303964520e-02
  3.230000000000000e+00, -2.544443465408703e+00,  1.101709264490612e-01, -1.524269153486562e+00,  1.982514446877531e-01,  7.263934131529627e-01,  2.055818587259135e-01, -4.310851520721269e-01,  2.522455795752844e-01, -4.573335529287746e-01,  3.385858975014230e-01,  3.003934178177153e-01, -2.456670509331271e-01,  1.492621937941877e-02
  3.240000000000000e+00, -2.547903298181401e+00,  1.071893807835877e-01, -1.523423707117225e+00,  1.972610066054155e-01,  7.266053178428525e-01,  2.055273350993524e-01, -4.295269507536967e-01,  2.477132894981888e-01, -4.723041819233758e-01,  3.370728742908110e-01,  2.889013825173519e-01, -2.426541590330786e-01,  1.464398262176243e-02
  3.250000000000000e+00, -2.551165061588992e+00,  1.044133597311610e-01, -1.522519698353189e+00,  1.963581653079502e-01,  7.267983997948094e-01,  2.054776053269845e-01, -4.282313039874902e-01,  2.433615886460182e-01, -4.865628110648872e-01,  3.358389513631203e-01,  2.776025991285906e-01, -2.395065454088798e-01,  1.439596438113861e-02
  3.260000000000000e+00, -2.554222718522068e+00,  1.018282687182385e-01, -1.521602112758623e+00,  1.955317735056852e-01,  7.269758817319640e-01,  2.054315957425290e-01, -4.271613791596657e-01,  2.392287106007870e-01, -5.000789652465912e-01,  3.347820377492697e-01,  2.666559131358163e-01, -2.361768958116108e-01,  1.417234779884938e-02
  3.270000000000000e+00, -2.557076270373908e+00,  9.942012088478415e-02, -1.520703254658049e+00,  1.947724126031436e-01,  7.271403479226891e-01,  2.053884753824253e-01, -4.262713511351588e-01,  2.353300941022069e-01, -5.128129541839305e-01,  3.338112715508802e-01,  2.561117897006489e-01, -2.326583362304868e-01,  1.395381398277462e-02
  3.280000000000000e+00, -2.559723295876640e+00,  9.717758856864944e-02, -1.519854197082701e+00,  1.940720542299594e-01,  7.272941640428552e-01,  2.053474405241354e-01, -4.254882905527012e-01,  2.316918067945273e-01, -5.247113899263844e-01,  3.328266434431447e-01,  2.460586019158747e-01, -2.289611527646083e-01,  1.372377906927044e-02
  3.290000000000000e+00, -2.562156779421628e+00,  9.509290478546090e-02, -1.519087339210422e+00,  1.934240711720127e-01,  7.274395162195301e-01,  2.053076924474102e-01, -4.247105888373409e-01,  2.283511803816715e-01, -5.357017621892294e-01,  3.317292365855993e-01,  2.365851777781725e-01, -2.251216239300786e-01,  1.346631389662940e-02
  3.300000000000000e+00, -2.564360924042909e+00,  9.316272444916436e-02, -1.518442673942101e+00,  1.928229365770605e-01,  7.275786609432998e-01,  2.052683150142968e-01, -4.238058614841170e-01,  2.253698894087427e-01, -5.456949407810737e-01,  3.304231162516377e-01,  2.278283329956330e-01, -2.211896058265497e-01,  1.316984783491099e-02
  3.310000000000000e+00, -2.566314536259328e+00,  9.138924242583628e-02, -1.517960135976823e+00,  1.922651620682554e-01,  7.277133883444674e-01,  2.052285195065725e-01, -4.226352250594645e-01,  2.228055468055971e-01, -5.545878568451694e-01,  3.288482754674795e-01,  2.198056481295937e-01, -2.172607507991533e-01,  1.281489095913521e-02
  3.320000000000000e+00, -2.567979649371774e+00,  8.978653647653589e-02, -1.517689436760860e+00,  1.917505395428991e-01,  7.278449702840768e-01,  2.051875918995893e-01, -4.210542415253928e-01,  2.207487552203831e-01, -5.622783456275938e-01,  3.269487630415045e-01,  2.126627831770187e-01, -2.134202501340381e-01,  1.239322281746199e-02
  3.330000000000000e+00, -2.569305495912243e+00,  8.838549915974510e-02, -1.517674966689446e+00,  1.912849094184758e-01,  7.279728525078993e-01,  2.051454586412722e-01, -4.189503728474011e-01,  2.192839073550243e-01, -5.686733651717591e-01,  3.246992032573570e-01,  2.065129022299785e-01, -2.097727516925898e-01,  1.189728525784326e-02
  3.340000000000000e+00, -2.570227931948930e+00,  8.723753965851347e-02, -1.517950695165391e+00,  1.908816828400536e-01,  7.280940040279220e-01,  2.051029610871720e-01, -4.162615720464191e-01,  2.184827903697206e-01, -5.737002420800198e-01,  3.221019782236735e-01,  2.014674042589015e-01, -2.064266322964456e-01,  1.132417630273400e-02
  3.350000000000001e+00, -2.570674109361349e+00,  8.641284293596793e-02, -1.518534443032267e+00,  1.905616613833555e-01,  7.282027398752293e-01,  2.050619731785211e-01, -4.129878054763823e-01,  2.183942401482129e-01, -5.773115558479074e-01,  3.191890427359910e-01,  1.976304754885309e-01, -2.034845136103693e-01,  1.067623606941499e-02
  3.360000000000000e+00, -2.570572928862926e+00,  8.599186786992936e-02, -1.519422510485341e+00,  1.903507311610683e-01,  7.282912141965123e-01,  2.050252758099181e-01, -4.091906353443871e-01,  2.190362765651809e-01, -5.794836049019718e-01,  3.160242094474977e-01,  1.950918092983452e-01, -2.010374626124392e-01,  9.960713863040163e-03
  3.370000000000000e+00, -2.569869391851323e+00,  8.605164014322059e-02, -1.520585465519096e+00,  1.902759306103966e-01,  7.283504985532828e-01,  2.049962010220883e-01, -4.049830852017877e-01,  2.203919661672682e-01, -5.802101846604129e-01,  3.127053518400848e-01,  1.939147325076838e-01, -1.991631378205048e-01,  9.188887115569399e-03
  3.380000000000000e+00, -2.568538016081437e+00,  8.665120177834248e-02, -1.521966966618301e+00,  1.903611285727152e-01,  7.283719389305603e-01,  2.049781379158536e-01, -4.005141621391408e-01,  2.224104876621684e-01, -5.794949058680839e-01,  3.093647159984924e-01,  1.941249916143261e-01, -1.979247774138662e-01,  8.375195036250123e-03
  3.390000000000000e+00, -2.566591603539347e+00,  8.782108940465759e-02, -1.523484892193100e+00,  1.906238327909777e-01,  7.283482709700514e-01,  2.049740983861206e-01, -3.959527881512730e-01,  2.250113310774452e-01, -5.773459642172545e-01,  3.061676094934838e-01,  1.957039564147184e-01, -1.973708689640161e-01,  7.536740670444133e-03
  3.400000000000000e+00, -2.564083115745339e+00,  8.955977658840071e-02, -1.525034456921426e+00,  1.910739672506452e-01,  7.282741708535437e-01,  2.049864744514370e-01, -3.914741599830754e-01,  2.280894254154547e-01, -5.737749593007093e-01,  3.033099407491597e-01,  1.985829063936589e-01, -1.975383305194427e-01,  6.693164467324296e-03
  3.410000000000000e+00, -2.561098676614401e+00,  9.183701580881572e-02, -1.526496913962290e+00,  1.917142299157428e-01,  7.281464346971870e-01,  2.050169048189672e-01, -3.872484671724911e-01,  2.315234729313719e-01, -5.687990263345526e-01,  3.010132547863526e-01,  2.026405194320816e-01, -1.984576872763997e-01,  5.867291344715874e-03
  3.420000000000000e+00, -2.557741605116683e+00,  9.460207571620637e-02, -1.527756610935578e+00,  1.925411717625141e-01,  7.279641358475728e-01,  2.050661091891379e-01, -3.834307295706448e-01,  2.351900654843173e-01, -5.624447288818536e-01,  2.995152481354030e-01,  2.077113297154176e-01, -2.001542134467678e-01,  5.087002673826374e-03
  3.430000000000000e+00, -2.554110102517054e+00,  9.779466672380548e-02, -1.528724286328363e+00,  1.935465408464540e-01,  7.277288643258308e-01,  2.051336625503225e-01, -3.801516710683733e-01,  2.389822422005848e-01, -5.547517941668020e-01,  2.990550674960039e-01,  2.136064805255839e-01, -2.026425008282711e-01,  4.387011177313255e-03
  3.440000000000000e+00, -2.550272623935673e+00,  1.013569580660461e-01, -1.529361127630822e+00,  1.947189525915332e-01,  7.274449051220767e-01,  2.052177889192716e-01, -3.775108799162614e-01,  2.428288732595258e-01, -5.457759854112167e-01,  2.998552301460347e-01,  2.201423772069727e-01, -2.059163771595496e-01,  3.808551915456335e-03
  3.450000000000000e+00, -2.546247080161336e+00,  1.052443451814668e-01, -1.529696219673571e+00,  1.960458515992560e-01,  7.271191689276275e-01,  2.053152836976921e-01, -3.755730746444383e-01,  2.467099126519866e-01, -5.355908413280561e-01,  3.021025049538434e-01,  2.271719009571491e-01, -2.099368254726572e-01,  3.397366710274663e-03
  3.460000000000000e+00, -2.541993875064329e+00,  1.094298696730590e-01, -1.529828894547815e+00,  1.975147846329238e-01,  7.267608653326901e-01,  2.054216337687022e-01, -3.743651079703059e-01,  2.506608472428602e-01, -5.242862546225320e-01,  3.059298088160606e-01,  2.346120701544779e-01, -2.146203803067945e-01,  3.201376758849974e-03
  3.470000000000000e+00, -2.537726635719436e+00,  1.139144395747654e-01, -1.529370239034789e+00,  1.991650038140231e-01,  7.263501408617395e-01,  2.055454497893326e-01, -3.739464348719256e-01,  2.543998608729692e-01, -5.120191569040234e-01,  3.114620998115427e-01,  2.420595815698361e-01, -2.199845649237284e-01,  3.271459661640961e-03
  3.480000000000000e+00, -2.533729409875081e+00,  1.186111203745689e-01, -1.527971107928608e+00,  2.010015769743259e-01,  7.258774802511098e-01,  2.056916527657296e-01, -3.742592114999656e-01,  2.576316663996266e-01, -4.989709956929297e-01,  3.187887835416724e-01,  2.491675799403378e-01, -2.259441695478097e-01,  3.648770461819611e-03
  3.490000000000000e+00, -2.528852444919807e+00,  1.235067014866680e-01, -1.527622051919830e+00,  2.028534038359849e-01,  7.254529756812691e-01,  2.058090531080083e-01, -3.749661233701260e-01,  2.617312309904578e-01, -4.850177805513852e-01,  3.275636316225125e-01,  2.574840297833922e-01, -2.317963205713149e-01,  4.347770242290304e-03
