Main.Studies.MarkerTracking.t,Main.HumanModel.BodyModel.Interface.Right.RotVectorMeasures.ThoraxClavicula.Pos[0],Main.HumanModel.BodyModel.Interface.Right.RotVectorMeasures.ThoraxClavicula.Pos[1],Main.HumanModel.BodyModel.Interface.Right.RotVectorMeasures.ThoraxClavicula.Pos[2],Main.HumanModel.BodyModel.Interface.Right.RotVectorMeasures.ClaviculaScapula.Pos[0],Main.HumanModel.BodyModel.Interface.Right.RotVectorMeasures.ClaviculaScapula.Pos[1],Main.HumanModel.BodyModel.Interface.Right.RotVectorMeasures.ClaviculaScapula.Pos[2],Main.HumanModel.BodyModel.Interface.Right.RotVectorMeasures.ScapulaHumerus.Pos[0],Main.HumanModel.BodyModel.Interface.Right.RotVectorMeasures.ScapulaHumerus.Pos[1],Main.HumanModel.BodyModel.Interface.Right.RotVectorMeasures.ScapulaHumerus.Pos[2],Main.HumanModel.BodyModel.Interface.Right.ElbowFlexion.Pos,Main.HumanModel.BodyModel.Interface.Right.ElbowPronation.Pos,Main.HumanModel.BodyModel.Interface.Right.WristFlexion.Pos,Main.HumanModel.BodyModel.Interface.Right.WristAbduction.Pos
  1.600000000000000e+00, -6.036229956449744e-02, -1.875150146163565e+00,  1.621053184707411e-01,  1.659816992770067e-01,  7.459186296937882e-01,  1.960690960267584e-01, -2.594995705531325e-01,  5.162511866933575e-01, -3.812347668678930e-01,  5.441203162396573e-01,  6.836199933382258e-01, -2.916883340640077e-01,  1.831223786178450e-02
  1.610000000000000e+00, -6.147359519155943e-02, -1.873738886495280e+00,  1.634228695781056e-01,  1.663026141544374e-01,  7.458286826733678e-01,  1.961037739674926e-01, -2.579740386085588e-01,  5.189910486213574e-01, -3.774077610929920e-01,  5.372412579387923e-01,  6.861015878814716e-01, -2.965536940464792e-01,  1.788114137646636e-02
  1.620000000000000e+00, -6.303439392881993e-02, -1.872122062143772e+00,  1.653071489705160e-01,  1.667980349510616e-01,  7.456677934697027e-01,  1.961711044641450e-01, -2.569295360790715e-01,  5.217095752737715e-01, -3.731193407990054e-01,  5.302066257814048e-01,  6.892512086152447e-01, -3.014282870016878e-01,  1.744205919986522e-02
  1.630000000000000e+00, -6.503848963749784e-02, -1.870358899456408e+00,  1.677617700811880e-01,  1.674760145160538e-01,  7.454319738185879e-01,  1.962729427485354e-01, -2.564856110793058e-01,  5.243580692350616e-01, -3.683822075056965e-01,  5.232025907068910e-01,  6.930078926402432e-01, -3.062711138972438e-01,  1.700489659996667e-02
  1.640000000000000e+00, -6.745553468017064e-02, -1.868521394458820e+00,  1.707613488450022e-01,  1.683365496683207e-01,  7.451211527483658e-01,  1.964091804849112e-01, -2.567343887858083e-01,  5.268752368185344e-01, -3.632345258261281e-01,  5.164786580873507e-01,  6.972576444604739e-01, -3.110040548684672e-01,  1.657783310156532e-02
  1.650000000000000e+00, -7.023220769100000e-02, -1.866682819184699e+00,  1.742509105860095e-01,  1.693701391309301e-01,  7.447399976406316e-01,  1.965773443258483e-01, -2.577270120511451e-01,  5.291947534122687e-01, -3.577428860780567e-01,  5.103386760612575e-01,  7.018654231279000e-01, -3.155116216462879e-01,  1.617126575475801e-02
  1.660000000000000e+00, -7.329946281961720e-02, -1.864906739920522e+00,  1.781531390405609e-01,  1.705589064942191e-01,  7.442973894123246e-01,  1.967728786502003e-01, -2.594710844516010e-01,  5.312480884131437e-01, -3.519984724509205e-01,  5.051199177913673e-01,  7.066878294275890e-01, -3.196497545076555e-01,  1.579741219445296e-02
  1.670000000000000e+00, -7.658614603147941e-02, -1.863241743878823e+00,  1.823847701261925e-01,  1.718813803775800e-01,  7.438040631158606e-01,  1.969903294174375e-01, -2.619384317859922e-01,  5.329639337000447e-01, -3.461060837115746e-01,  5.011604927910113e-01,  7.115914168123563e-01, -3.232574270729884e-01,  1.546947703862319e-02
  1.680000000000000e+00, -8.003409767616523e-02, -1.861720220932461e+00,  1.868761463088742e-01,  1.733189521028439e-01,  7.432696336866452e-01,  1.972247809490827e-01, -2.650776739645618e-01,  5.342674010917976e-01, -3.401703973454473e-01,  4.987647561631294e-01,  7.164680217352113e-01, -3.261672682889563e-01,  1.520190949666464e-02
  1.690000000000000e+00, -8.360781680766988e-02, -1.860360109991258e+00,  1.915847814230122e-01,  1.748608386369096e-01,  7.427005323042954e-01,  1.974728012937674e-01, -2.688236514453909e-01,  5.350819711384970e-01, -3.342844291371954e-01,  4.981747141136414e-01,  7.212502274153675e-01, -3.282156068508764e-01,  1.501055308346406e-02
  1.700000000000000e+00, -8.729427522400121e-02, -1.859171258394541e+00,  1.964966164112560e-01,  1.765053920182548e-01,  7.420995484330305e-01,  1.977326189752243e-01, -2.730998796477339e-01,  5.353321313086671e-01, -3.285209204251952e-01,  4.995504280323935e-01,  7.259231771495477e-01, -3.292560764035777e-01,  1.491085669821279e-02
  1.710000000000000e+00, -9.109406741345874e-02, -1.858163516509706e+00,  2.016155594932764e-01,  1.782574634664538e-01,  7.414669315309490e-01,  1.980035974079221e-01, -2.778160020787253e-01,  5.349461388174644e-01, -3.229248688700148e-01,  5.029591311839668e-01,  7.305233054228465e-01, -3.291791489177875e-01,  1.491527769025790e-02
  1.720000000000000e+00, -9.500884831313933e-02, -1.857351956839963e+00,  2.069471418612299e-01,  1.801232255140892e-01,  7.408024167981360e-01,  1.982853224914862e-01, -2.828644879703604e-01,  5.338594184467901e-01, -3.175084364468475e-01,  5.083738550247745e-01,  7.351226883059708e-01, -3.279358111389385e-01,  1.503281587314909e-02
  1.730000000000000e+00, -9.902976035055369e-02, -1.856758649731131e+00,  2.124824742332055e-01,  1.821044732750530e-01,  7.401072555924352e-01,  1.985767430899132e-01, -2.881194014899321e-01,  5.320176765149587e-01, -3.122513154605426e-01,  5.156832959156319e-01,  7.398131787194919e-01, -3.255628277392624e-01,  1.527012731460138e-02
  1.740000000000000e+00, -1.031296484535947e-01, -1.856412189083161e+00,  2.181865494134021e-01,  1.841939594893829e-01,  7.393855921247757e-01,  1.988756632339088e-01, -2.934369004148741e-01,  5.293816521374992e-01, -3.071069135960297e-01,  5.247127615145800e-01,  7.447090727587513e-01, -3.221921810720176e-01,  1.563198454495644e-02
  1.750000000000000e+00, -1.072619234554234e-01, -1.856342369583248e+00,  2.239951984061114e-01,  1.863731873686139e-01,  7.386449028504831e-01,  1.991786547274599e-01, -2.986594674554846e-01,  5.259377517767093e-01, -3.020115039449117e-01,  5.352518992500602e-01,  7.499609427961921e-01, -3.180194380696828e-01,  1.612136243095486e-02
  1.760000000000000e+00, -1.113680412997872e-01, -1.856568970408160e+00,  2.298242151815448e-01,  1.886141049847513e-01,  7.378953045476432e-01,  1.994813967668616e-01, -3.036294132810695e-01,  5.217100678210523e-01, -2.968923666098197e-01,  5.470824262807129e-01,  7.557394488063546e-01, -3.132403879368169e-01,  1.673854295800460e-02
  1.770000000000000e+00, -1.153904011061277e-01, -1.857092927906217e+00,  2.355872102995494e-01,  1.908845691196546e-01,  7.371477450057451e-01,  1.997794253912557e-01, -3.082099331566188e-01,  5.167611635623091e-01, -2.916738610159952e-01,  5.600006484470839e-01,  7.621661953150953e-01, -3.079976007897209e-01,  1.747892147980704e-02
  1.780000000000000e+00, -1.192833748146275e-01, -1.857899011055725e+00,  2.412121994419087e-01,  1.931549331175094e-01,  7.364117527275358e-01,  2.000690474761418e-01, -3.123031805105448e-01,  5.111752526917434e-01, -2.862848916451272e-01,  5.738345556614712e-01,  7.692172435603809e-01, -3.023641440822393e-01,  1.833076279446485e-02
  1.790000000000000e+00, -1.230201337280497e-01, -1.858957681394387e+00,  2.466527639537049e-01,  1.954028905633008e-01,  7.356941939200534e-01,  2.003477409118108e-01, -3.158513102274249e-01,  5.050603312448025e-01, -2.806661427961627e-01,  5.884312605567963e-01,  7.768366211864343e-01, -2.963784490418457e-01,  1.928394070515084e-02
  1.800000000000000e+00, -1.265915405699478e-01, -1.860242773201569e+00,  2.518880525482469e-01,  1.976158259185254e-01,  7.349982649713060e-01,  2.006145673592777e-01, -3.188415760583959e-01,  4.985088282372589e-01, -2.747770146697504e-01,  6.036757884103031e-01,  7.847974769440185e-01, -2.900665999573195e-01,  2.031564056518344e-02
  1.810000000000000e+00, -1.300068291733885e-01, -1.861728241421246e+00,  2.569246469461089e-01,  1.997917945257592e-01,  7.343239154631076e-01,  2.008698189597912e-01, -3.213003024708922e-01,  4.916111600729287e-01, -2.685936183550908e-01,  6.194735162354887e-01,  7.928342658959333e-01, -2.834570543552777e-01,  2.139070025310269e-02
  1.820000000000000e+00, -1.332901357479803e-01, -1.863385724488452e+00,  2.617922170979479e-01,  2.019380555595678e-01,  7.336688602669212e-01,  2.011144890954284e-01, -3.232900273363272e-01,  4.844531669067920e-01, -2.621084407320036e-01,  6.357567906434997e-01,  8.005936635994051e-01, -2.765568645086229e-01,  2.245738210476465e-02
  1.830000000000000e+00, -1.364739104888863e-01, -1.865175696493238e+00,  2.665342396374287e-01,  2.040667512259506e-01,  7.330304826345162e-01,  2.013494220384439e-01, -3.248946495035867e-01,  4.771282453598800e-01, -2.553325920613665e-01,  6.524766292635846e-01,  8.077068275648949e-01, -2.693578881763061e-01,  2.346150753326034e-02
  1.840000000000000e+00, -1.395915724485610e-01, -1.867039137893421e+00,  2.711973565584729e-01,  2.061898153369218e-01,  7.324076498443507e-01,  2.015745857411765e-01, -3.261992237682504e-01,  4.697499685143651e-01, -2.482975400373697e-01,  6.695858961403776e-01,  8.139363875416893e-01, -2.618777629555893e-01,  2.436677732316369e-02
  1.850000000000000e+00, -1.426653841195730e-01, -1.868924416383535e+00,  2.758132086357997e-01,  2.083142508706150e-01,  7.318005088785225e-01,  2.017895193673741e-01, -3.272724842492015e-01,  4.624147036531484e-01, -2.410571174932526e-01,  6.870519516432892e-01,  8.190932851563032e-01, -2.541778010602842e-01,  2.515196332691452e-02
  1.860000000000000e+00, -1.457115328811626e-01, -1.870751751801361e+00,  2.804057619838763e-01,  2.104411156102555e-01,  7.312121830666060e-01,  2.019924200879435e-01, -3.281630978275119e-01,  4.552508305568175e-01, -2.336756908398387e-01,  7.048230113429906e-01,  8.232895941317557e-01, -2.463620519759480e-01,  2.582755765294028e-02
  1.870000000000000e+00, -1.487304021106300e-01, -1.872467511531018e+00,  2.849761315620393e-01,  2.125647334462294e-01,  7.306461145929811e-01,  2.021817637098526e-01, -3.288975273779454e-01,  4.483444775235561e-01, -2.262240933533470e-01,  7.228596452448315e-01,  8.266239220449357e-01, -2.385461510893192e-01,  2.640990337277199e-02
  1.880000000000000e+00, -1.517148462795749e-01, -1.874032102136656e+00,  2.895143894147078e-01,  2.146760969857862e-01,  7.301056469545929e-01,  2.023563196609687e-01, -3.294876478118174e-01,  4.417583053905416e-01, -2.187662946582151e-01,  7.411123764018738e-01,  8.292784555783375e-01, -2.308488338758314e-01,  2.692678906734410e-02
  1.890000000000000e+00, -1.546533505030300e-01, -1.875431296727781e+00,  2.940037319127715e-01,  2.167657639526183e-01,  7.295927677716355e-01,  2.025156827259806e-01, -3.299375336666028e-01,  4.355188976351076e-01, -2.113552416474417e-01,  7.595279732658721e-01,  8.314384943261509e-01, -2.233728582240961e-01,  2.740940184037307e-02
  1.900000000000000e+00, -1.575330110960893e-01, -1.876675968601905e+00,  2.984245268349019e-01,  2.188255608301220e-01,  7.291077797001237e-01,  2.026603382998502e-01, -3.302475050938005e-01,  4.296193217676575e-01, -2.040333446675781e-01,  7.780550212066575e-01,  8.332624346847566e-01, -2.161966642200190e-01,  2.788603772907435e-02
  1.910000000000000e+00, -1.603423112351229e-01, -1.877795159339014e+00,  3.027583406820562e-01,  2.208496275566943e-01,  7.286494891575203e-01,  2.027914727133112e-01, -3.304158536159944e-01,  4.240281393289803e-01, -1.968347228630740e-01,  7.966446966592444e-01,  8.348915934126900e-01, -2.093819546717635e-01,  2.837865747130843e-02
  1.920000000000000e+00, -1.630747067072741e-01, -1.878826435171126e+00,  3.069935737804140e-01,  2.228359292481438e-01,  7.282154699262151e-01,  2.029107140071550e-01, -3.304424147907563e-01,  4.187000497113099e-01, -1.897886479286886e-01,  8.152499143152175e-01,  8.364574103175081e-01, -2.029770976454128e-01,  2.890113816645060e-02
  1.930000000000000e+00, -1.657314148083380e-01, -1.879806456349629e+00,  3.111301950637694e-01,  2.247874605925849e-01,  7.278024173865664e-01,  2.030198452673932e-01, -3.303332185715597e-01,  4.135855345683944e-01, -1.829244266747207e-01,  8.338255777460818e-01,  8.380655084982351e-01, -1.970120275536296e-01,  2.945863305282021e-02
  1.940000000000000e+00, -1.683206429073115e-01, -1.880762174230859e+00,  3.151791320897497e-01,  2.267111617921514e-01,  7.274069081476292e-01,  2.031204398245400e-01, -3.301015527581174e-01,  4.086390657469717e-01, -1.762752245709172e-01,  8.523286050404034e-01,  8.397726504909472e-01, -1.914954239068909e-01,  3.004878057106235e-02
  1.950000000000000e+00, -1.708531762856974e-01, -1.881710941742968e+00,  3.191556863015192e-01,  2.286150873760259e-01,  7.270259847442582e-01,  2.032137154111368e-01, -3.297642032118943e-01,  4.038203872820184e-01, -1.698786368943038e-01,  8.707172766656845e-01,  8.415584787291598e-01, -1.864191440059175e-01,  3.066406080798585e-02
  1.960000000000000e+00, -1.733373080697808e-01, -1.882645826179449e+00,  3.230722128778266e-01,  2.305034096254290e-01,  7.266587094953738e-01,  2.032999789781038e-01, -3.293365113204764e-01,  3.991060254640604e-01, -1.637731172933323e-01,  8.889505642413188e-01,  8.433448204118091e-01, -1.817514373787428e-01,  3.129383804256231e-02
  1.970000000000000e+00, -1.757754422129693e-01, -1.883537345945639e+00,  3.269328476899079e-01,  2.323740671022349e-01,  7.263063464164399e-01,  2.033786863339829e-01, -3.288293313150136e-01,  3.944904934390600e-01, -1.579937378413384e-01,  9.069879547439789e-01,  8.450031969283498e-01, -1.774244053133032e-01,  3.192513338086187e-02
  1.980000000000000e+00, -1.781612177803662e-01, -1.884351573272272e+00,  3.307282102789015e-01,  2.342182147874292e-01,  7.259714186148818e-01,  2.034490219139632e-01, -3.282444499117378e-01,  3.899791291346782e-01, -1.525709474075254e-01,  9.247898432914363e-01,  8.463743772884031e-01, -1.733329374058410e-01,  3.254172210533890e-02
  1.990000000000000e+00, -1.804822730501082e-01, -1.885041153477778e+00,  3.344399941593597e-01,  2.360210956786214e-01,  7.256578402452180e-01,  2.035097694758339e-01, -3.275781422255520e-01,  3.855904800541126e-01, -1.475257875025421e-01,  9.423082530060045e-01,  8.473215877071215e-01, -1.693531410747124e-01,  3.313115402874805e-02
  2.000000000000000e+00, -1.827211435106504e-01, -1.885556159551127e+00,  3.380418636238996e-01,  2.377635712588390e-01,  7.253700520974872e-01,  2.035597044091389e-01, -3.268198628711339e-01,  3.813449160378512e-01, -1.428729493136228e-01,  9.594822253934132e-01,  8.477808675507540e-01, -1.653887785671500e-01,  3.368916561300776e-02
  2.010000000000000e+00, -1.848595027475640e-01, -1.885863591226032e+00,  3.415052365683077e-01,  2.394270452409610e-01,  7.251113224030468e-01,  2.035982335296963e-01, -3.259573035950751e-01,  3.772500897566157e-01, -1.386278572877536e-01,  9.762380569144228e-01,  8.477573609475767e-01, -1.613891553181381e-01,  3.421807753728786e-02
  2.020000000000000e+00, -1.868858057928626e-01, -1.885938325695743e+00,  3.448120056422212e-01,  2.409984765654240e-01,  7.248835331335544e-01,  2.036251845715191e-01, -3.249898297358010e-01,  3.733063115017859e-01, -1.348100949791461e-01,  9.924918463439065e-01,  8.473029345414282e-01, -1.573111121408384e-01,  3.472137368366167e-02
  2.030000000000000e+00, -1.888024662433871e-01, -1.885772526592379e+00,  3.479659681621886e-01,  2.424771393349160e-01,  7.246859579547209e-01,  2.036410547100281e-01, -3.239407562196297e-01,  3.695050355645958e-01, -1.314489903957465e-01,  1.008152066852437e+00,  8.464830974853101e-01, -1.530954534741817e-01,  3.519881206052276e-02
  2.040000000000000e+00, -1.906312928891800e-01, -1.885362965895766e+00,  3.510028060591199e-01,  2.438782142116757e-01,  7.245156226303570e-01,  2.036465720911590e-01, -3.228679805059564e-01,  3.658373793624491e-01, -1.285854209288415e-01,  1.023117519272801e+00,  8.453919913219564e-01, -1.486749977278068e-01,  3.564838303864579e-02
  2.050000000000000e+00, -1.924134019493008e-01, -1.884717257473161e+00,  3.539902175187845e-01,  2.452339576032854e-01,  7.243671003086404e-01,  2.036427369741471e-01, -3.218648768384770e-01,  3.622907881631079e-01, -1.262754075008431e-01,  1.037276690862562e+00,  8.441639010832296e-01, -1.440191065497747e-01,  3.606904265631884e-02
  2.060000000000000e+00, -1.942011482354062e-01, -1.883851096435625e+00,  3.570152613920264e-01,  2.465875964613910e-01,  7.242336440583602e-01,  2.036305804115484e-01, -3.210504781636007e-01,  3.588510885951351e-01, -1.245857999639208e-01,  1.050511444937283e+00,  8.429680172775224e-01, -1.391530685628701e-01,  3.646251612515994e-02
  2.070000000000000e+00, -1.960409482176280e-01, -1.882792076832685e+00,  3.601558039738584e-01,  2.479801478303912e-01,  7.241087724947814e-01,  2.036111249272641e-01, -3.205466156260610e-01,  3.555032729032044e-01, -1.235798830619730e-01,  1.062703466794552e+00,  8.419676213554409e-01, -1.341419407478823e-01,  3.683332332107029e-02
  2.080000000000000e+00, -1.979491128019225e-01, -1.881576658052645e+00,  3.634398220235626e-01,  2.494301589535557e-01,  7.239888210901915e-01,  2.035852556070770e-01, -3.204444906759230e-01,  3.522355506463137e-01, -1.232917027414029e-01,  1.073737125030729e+00,  8.412892228178046e-01, -1.290673105895961e-01,  3.718954628462991e-02
  2.090000000000000e+00, -1.998869364136079e-01, -1.880269692527755e+00,  3.668005553952883e-01,  2.509136004123079e-01,  7.238740220955830e-01,  2.035544039520210e-01, -3.207666114384695e-01,  3.490314330104874e-01, -1.237005316131560e-01,  1.083499056466996e+00,  8.409997706603343e-01, -1.240357766439022e-01,  3.754163539990384e-02
  2.100000000000000e+00, -2.017466210873687e-01, -1.878960970176376e+00,  3.700498310510197e-01,  2.523492489733032e-01,  7.237696466063969e-01,  2.035208357954366e-01, -3.214434107650864e-01,  3.458732733371991e-01, -1.247105908695798e-01,  1.091877045043285e+00,  8.411169490831913e-01, -1.191788656618953e-01,  3.789959429634468e-02
  2.110000000000000e+00, -2.033600700437407e-01, -1.877761795082875e+00,  3.728899985773643e-01,  2.536028744737513e-01,  7.236848676189782e-01,  2.034880083609305e-01, -3.223203334935815e-01,  3.427449452194558e-01, -1.261564697008441e-01,  1.098761832009296e+00,  8.416195742903576e-01, -1.146427424715091e-01,  3.826858483003489e-02
  2.120000000000000e+00, -2.045317122489687e-01, -1.876789498284331e+00,  3.749699994402151e-01,  2.545125404297479e-01,  7.236303535526707e-01,  2.034602915151583e-01, -3.232000597405895e-01,  3.396372363126274e-01, -1.278380228876630e-01,  1.104050270487648e+00,  8.424631159702176e-01, -1.105690825094463e-01,  3.864756923740217e-02
  2.130000000000000e+00, -2.050813154990145e-01, -1.876148220226954e+00,  3.759629783909313e-01,  2.549256952767455e-01,  7.236157465080097e-01,  2.034420143471726e-01, -3.239016669935122e-01,  3.365522418440891e-01, -1.295716734243379e-01,  1.107647887170859e+00,  8.435974694691593e-01, -1.070801224036124e-01,  3.903104722162420e-02
  2.140000000000000e+00, -2.048780822575635e-01, -1.875914284109885e+00,  3.756317623454304e-01,  2.547320601799354e-01,  7.236481640659641e-01,  2.034362220026406e-01, -3.243089874023780e-01,  3.335053169491501e-01, -1.312352198083163e-01,  1.109470599569539e+00,  8.449827744722506e-01, -1.042744413665593e-01,  3.941138883999707e-02
  2.150000000000000e+00, -2.038572157725843e-01, -1.876129599896007e+00,  3.738634786991198e-01,  2.538821181202794e-01,  7.237318398383279e-01,  2.034437162009047e-01, -3.243932407776602e-01,  3.305245743507012e-01, -1.327900971836240e-01,  1.109444682205905e+00,  8.465942686643542e-01, -1.022322222241610e-01,  3.978062560225158e-02
  2.160000000000000e+00, -2.020215473618970e-01, -1.876800876768874e+00,  3.706748930321760e-01,  2.523904576277132e-01,  7.238683162730492e-01,  2.034627395061011e-01, -3.242123271560501e-01,  3.276500808216044e-01, -1.342777617854977e-01,  1.107503414874274e+00,  8.484192641951958e-01, -1.010217746733226e-01,  4.013160167272888e-02
  2.170000000000000e+00, -1.994339019265501e-01, -1.877902407931332e+00,  3.661973183301031e-01,  2.503276739255853e-01,  7.240566357900814e-01,  2.034893713290472e-01, -3.238949605269019e-01,  3.249345628196556e-01, -1.357967292388100e-01,  1.103582267526959e+00,  8.504566202641358e-01, -1.007028668213203e-01,  4.045844059591786e-02
  2.180000000000000e+00, -1.962044792429742e-01, -1.879381325340344e+00,  3.606494074371928e-01,  2.478052749044194e-01,  7.242933633863984e-01,  2.035184526873824e-01, -3.236167579542327e-01,  3.224446002821703e-01, -1.374717398722917e-01,  1.097617501894502e+00,  8.527131796835353e-01, -1.013245056576060e-01,  4.075627458126000e-02
  2.190000000000000e+00, -1.924775575631563e-01, -1.881160695768367e+00,  3.543074324967938e-01,  2.449586820417049e-01,  7.245726367582346e-01,  2.035446185737137e-01, -3.235753816882477e-01,  3.202620397517184e-01, -1.394249874398231e-01,  1.089550617733424e+00,  8.551919945468265e-01, -1.029074872350986e-01,  4.101993446993504e-02
  2.200000000000000e+00, -1.884214619251708e-01, -1.883135276493221e+00,  3.474817803623284e-01,  2.419328142794201e-01,  7.248864790283844e-01,  2.035630295724593e-01, -3.239706954653824e-01,  3.184868211830461e-01, -1.417553669438296e-01,  1.079337828291775e+00,  8.578856501950505e-01, -1.054128452899996e-01,  4.124214247437248e-02
  2.210000000000000e+00, -1.842197660947258e-01, -1.885165120749328e+00,  3.404969903039859e-01,  2.388701089029057e-01,  7.252254807265355e-01,  2.035697559879854e-01, -3.249870475554753e-01,  3.172370149976968e-01, -1.445281137551528e-01,  1.066964720038924e+00,  8.607800139698837e-01, -1.087181208253687e-01,  4.141322161898808e-02
  2.220000000000000e+00, -1.800561954306522e-01, -1.887083208142195e+00,  3.336632530689335e-01,  2.358974545246855e-01,  7.255798040121781e-01,  2.035620670989177e-01, -3.267680057110089e-01,  3.166361266362598e-01, -1.477698274593665e-01,  1.052464586040323e+00,  8.638527959825025e-01, -1.126130428402141e-01,  4.152258838352126e-02
  2.230000000000000e+00, -1.760917306832948e-01, -1.888724249394525e+00,  3.272384276379808e-01,  2.331125964234416e-01,  7.259402875142704e-01,  2.035387105511664e-01, -3.293845656168340e-01,  3.167852802911327e-01, -1.514614022105364e-01,  1.035933516820719e+00,  8.670587695561935e-01, -1.168050560780727e-01,  4.155987284075197e-02
  2.240000000000000e+00, -1.724423501887420e-01, -1.889959165394866e+00,  3.213955304795493e-01,  2.305749091170116e-01,  7.262995383414891e-01,  2.034999203962581e-01, -3.328121709173869e-01,  3.177339873544922e-01, -1.555327853172934e-01,  1.017537507275900e+00,  8.703203132670655e-01, -1.209367015257177e-01,  4.151651523115132e-02
  2.250000000000000e+00, -1.691661903859083e-01, -1.890716557619734e+00,  3.162084869290231e-01,  2.283035391530315e-01,  7.266528943201638e-01,  2.034470135520165e-01, -3.369289752728268e-01,  3.194662593318431e-01, -1.598713933020054e-01,  9.975126313649060e-01,  8.735514938037293e-01, -1.246366981118505e-01,  4.139090256107354e-02
  2.260000000000000e+00, -1.662636790423987e-01, -1.890987919196893e+00,  3.116587106307781e-01,  2.262829194103640e-01,  7.269987638734979e-01,  2.033818471649622e-01, -3.415362108679095e-01,  3.219063572888778e-01, -1.643466972205876e-01,  9.761578724324586e-01,  8.767156911547689e-01, -1.276040009142678e-01,  4.119496951700196e-02
  2.270000000000000e+00, -1.636900045566790e-01, -1.890819251373365e+00,  3.076591715019465e-01,  2.244739410861071e-01,  7.273380687775851e-01,  2.033064060623673e-01, -3.463941508678895e-01,  3.249389181101874e-01, -1.688410205086173e-01,  9.538193992149095e-01,  8.798743373600583e-01, -1.296794541524593e-01,  4.095601175859541e-02
  2.280000000000000e+00, -1.613757081315237e-01, -1.890290003047911e+00,  3.040886911905650e-01,  2.228274987054006e-01,  7.276732053638273e-01,  2.032225035480099e-01, -3.512633276002970e-01,  3.284365871878334e-01, -1.732753678930479e-01,  9.308695668217515e-01,  8.831858076347701e-01, -1.308634605192973e-01,  4.071073576494916e-02
  2.290000000000000e+00, -1.592491255683152e-01, -1.889485130654762e+00,  3.008271022889369e-01,  2.212970200657545e-01,  7.280069958463175e-01,  2.031315528284448e-01, -3.559401630193564e-01,  3.322868938126368e-01, -1.776249356873114e-01,  9.076844565544013e-01,  8.868576160690769e-01, -1.312909970007150e-01,  4.049460141768254e-02
  2.300000000000000e+00, -1.572539188232711e-01, -1.888472109388985e+00,  2.977815416222297e-01,  2.198472183057010e-01,  7.283418110064932e-01,  2.030344895573116e-01, -3.602784490432216e-01,  3.364088651848372e-01, -1.819229283070593e-01,  8.846213921717414e-01,  8.910777139625511e-01, -1.311999228426204e-01,  4.033210955293975e-02
  2.310000000000000e+00, -1.553562265067451e-01, -1.887291643569137e+00,  2.948961954203992e-01,  2.184568926538849e-01,  7.286790866182561e-01,  2.029318621975104e-01, -3.641924328854352e-01,  3.407548276110028e-01, -1.862529227051151e-01,  8.619998596932436e-01,  8.959463102639380e-01, -1.309007776032791e-01,  4.023119418462574e-02
  2.320000000000000e+00, -1.535408857756615e-01, -1.885961542860084e+00,  2.921453064560742e-01,  2.171158718868546e-01,  7.290194248691769e-01,  2.028239737953091e-01, -3.676443654513979e-01,  3.453013087906483e-01, -1.907321953610852e-01,  8.400907625427505e-01,  9.014282326716361e-01, -1.307369028986223e-01,  4.018171245612762e-02
  2.330000000000000e+00, -1.518019508252359e-01, -1.884487793309900e+00,  2.895178493212318e-01,  2.158192820374412e-01,  7.293630393731179e-01,  2.027110030530498e-01, -3.706254101220485e-01,  3.500357441574265e-01, -1.954904900488155e-01,  8.191145572127634e-01,  9.073373236788629e-01, -1.310345888697331e-01,  4.015757484180784e-02
  2.340000000000000e+00, -1.501336675506654e-01, -1.882877570025005e+00,  2.870033657013629e-01,  2.145627265778731e-01,  7.297100709123664e-01,  2.025931398840092e-01, -3.731383271426108e-01,  3.549424762648459e-01, -2.006492100276075e-01,  7.992439273771489e-01,  9.133489238178882e-01, -1.320529517874842e-01,  4.012261137005992e-02
  2.350000000000000e+00, -1.485243717207306e-01, -1.881148772860714e+00,  2.845826229712932e-01,  2.133393162281355e-01,  7.300607821255519e-01,  2.024706688869410e-01, -3.751853615694701e-01,  3.599910487830195e-01, -2.063052603564416e-01,  7.806069449992737e-01,  9.190372467844834e-01, -1.339466392023227e-01,  4.003977549965064e-02
  2.360000000000000e+00, -1.469526836271390e-01, -1.879342489721606e+00,  2.822219144298995e-01,  2.121386638206189e-01,  7.304152416507859e-01,  2.023442193813605e-01, -3.767612018254266e-01,  3.651249768899962e-01, -2.125242845413483e-01,  7.632909199830520e-01,  9.239295532332831e-01, -1.367560181048066e-01,  3.987950210894303e-02
  2.370000000000000e+00, -1.453887679312123e-01, -1.877507936925607e+00,  2.798753045957799e-01,  2.109463250754743e-01,  7.307742328192316e-01,  2.022142751398424e-01, -3.778552180603996e-01,  3.702719943522688e-01, -2.193379147520173e-01,  7.473436394418909e-01,  9.275928643934755e-01, -1.404076018832845e-01,  3.962458580685731e-02
  2.380000000000000e+00, -1.437986914591614e-01, -1.875701733911983e+00,  2.774913258547641e-01,  2.097466500964981e-01,  7.311387051008310e-01,  2.020813026045911e-01, -3.784581854086332e-01,  3.753485272824115e-01, -2.267466576993972e-01,  7.327718534358015e-01,  9.296953043712537e-01, -1.447382391421166e-01,  3.926948954452962e-02
  2.390000000000000e+00, -1.421498717480273e-01, -1.873979208143504e+00,  2.750213084229002e-01,  2.085253884997239e-01,  7.315096009006273e-01,  2.019456786094420e-01, -3.785682820031492e-01,  3.802694809691038e-01, -2.347204528661878e-01,  7.195375184582929e-01,  9.300603830880870e-01, -1.495284316146959e-01,  3.881997197646228e-02
  2.400000000000000e+00, -1.404141571706445e-01, -1.872391752206434e+00,  2.724240460254999e-01,  2.072713305257511e-01,  7.318875730354745e-01,  2.018077464269908e-01, -3.781914003621688e-01,  3.849544950780310e-01, -2.431995945228911e-01,  7.075578909377107e-01,  9.287002242830216e-01, -1.545425679692733e-01,  3.829262298534873e-02
  2.410000000000000e+00, -1.385700656633943e-01, -1.870985978016359e+00,  2.696691605039975e-01,  2.059775462941093e-01,  7.322726758043349e-01,  2.016679154182852e-01, -3.773408132412381e-01,  3.893323353617653e-01, -2.520976879148820e-01,  6.967102534067700e-01,  9.258067539192487e-01, -1.595633860819472e-01,  3.771196224098464e-02
  2.420000000000000e+00, -1.366059006083049e-01, -1.869803489009138e+00,  2.667417098570694e-01,  2.046431533985869e-01,  7.326638516267387e-01,  2.015268475368077e-01, -3.760405221361661e-01,  3.933428683533235e-01, -2.613071239968612e-01,  6.868410764151492e-01,  9.216899547623328e-01, -1.644076452125514e-01,  3.710373900148625e-02
  2.430000000000000e+00, -1.345222997487056e-01, -1.868882769876593e+00,  2.636458238098689e-01,  2.032748322598093e-01,  7.330583126095567e-01,  2.013857256261058e-01, -3.743294147271960e-01,  3.969373831410769e-01, -2.707067879584322e-01,  6.777789142370724e-01,  9.167023361258918e-01, -1.689250359592427e-01,  3.648679048114724e-02
  2.440000000000000e+00, -1.323337411154459e-01, -1.868246847888204e+00,  2.604065462363332e-01,  2.018860410490510e-01,  7.334521306921890e-01,  2.012459654465564e-01, -3.722629153063560e-01,  4.000906242651806e-01, -2.801684571501969e-01,  6.693420723826231e-01,  9.112235997399798e-01, -1.730064939680460e-01,  3.587218972155971e-02
  2.450000000000000e+00, -1.300641282359408e-01, -1.867912356040320e+00,  2.570628253543287e-01,  2.004948845529682e-01,  7.338401767362149e-01,  2.011093985112339e-01, -3.699065334583130e-01,  4.027980133659406e-01, -2.895676036137735e-01,  6.613453874263944e-01,  9.056520830255204e-01, -1.766206779155028e-01,  3.526761934671532e-02
  2.460000000000000e+00, -1.277447020642153e-01, -1.867875082069885e+00,  2.536638211220099e-01,  1.991209532691307e-01,  7.342175158221523e-01,  2.009776613028194e-01, -3.673336338278840e-01,  4.050843911714034e-01, -2.987891453993589e-01,  6.536067999786008e-01,  9.003812604499204e-01, -1.798203501827680e-01,  3.468179915487949e-02
  2.470000000000000e+00, -1.254105342303863e-01, -1.868112876612165e+00,  2.502632198570142e-01,  1.977832827590510e-01,  7.345797734085824e-01,  2.008521116120489e-01, -3.646226530495706e-01,  4.069974710071450e-01, -3.077348810345156e-01,  6.459607300322228e-01,  8.957322467605587e-01, -1.827256482139039e-01,  3.412336411712943e-02
  2.480000000000000e+00, -1.230968506245594e-01, -1.868589046143414e+00,  2.469135037305106e-01,  1.964984448940010e-01,  7.349235236249227e-01,  2.007337208908546e-01, -3.618526972695435e-01,  4.086019523739404e-01, -3.163286723934424e-01,  6.382700690737111e-01,  8.919125400045944e-01, -1.854934244386874e-01,  3.360056263689242e-02
  2.490000000000000e+00, -1.208348471640599e-01, -1.869256780820854e+00,  2.436597692971259e-01,  1.952786562886047e-01,  7.352467045063875e-01,  2.006229477290048e-01, -3.590971999100329e-01,  4.099735432338798e-01, -3.245189408481863e-01,  6.304359814309349e-01,  8.890049356857513e-01, -1.882770982898703e-01,  3.312085711502972e-02
  2.500000000000000e+00, -1.186483574543653e-01, -1.870062874393680e+00,  2.405350678049789e-01,  1.941304860849521e-01,  7.355489610166626e-01,  2.005196130585558e-01, -3.564186865482017e-01,  4.111921311756037e-01, -3.322789353516733e-01,  6.224039783925892e-01,  8.869745459438958e-01, -1.911869245324171e-01,  3.268703450235250e-02
  2.510000000000000e+00, -1.165519644319341e-01, -1.870949937650650e+00,  2.375580191747207e-01,  1.930543343678021e-01,  7.358318651878998e-01,  2.004227967196894e-01, -3.538657432599159e-01,  4.123365840155994e-01, -3.396049780188407e-01,  6.141635301245575e-01,  8.856931864866767e-01, -1.942673872596541e-01,  3.229254526657822e-02
  2.520000000000000e+00, -1.145495468341859e-01, -1.871860491253246e+00,  2.347312154855561e-01,  1.920444015383994e-01,  7.360989017587145e-01,  2.003308417289518e-01, -3.514703432373987e-01,  4.134795211497953e-01, -3.465120208430835e-01,  6.057441753638788e-01,  8.849765795700638e-01, -1.974993900796251e-01,  3.192239504134338e-02
  2.530000000000000e+00, -1.126329915250036e-01, -1.872745074745797e+00,  2.320400502028007e-01,  1.910891970691179e-01,  7.363550843020129e-01,  2.002415449092091e-01, -3.492452681561980e-01,  4.146781820704495e-01, -3.530271755040462e-01,  5.972118347008506e-01,  8.846198793881683e-01, -2.008223408765419e-01,  3.156014810612153e-02
  2.540000000000000e+00, -1.107820570537618e-01, -1.873570890465370e+00,  2.294532647154296e-01,  1.901727232933110e-01,  7.366063068053283e-01,  2.001524629912268e-01, -3.471839799874511e-01,  4.159641240562510e-01, -3.591837276241082e-01,  5.886640706801320e-01,  8.844166312868467e-01, -2.041603177378151e-01,  3.119522646948404e-02
  2.550000000000000e+00, -1.089664855180481e-01, -1.874326625533648e+00,  2.269265536959024e-01,  1.892764092653633e-01,  7.368585946398934e-01,  2.000612310520243e-01, -3.452638165636928e-01,  4.173386964704077e-01, -3.650167925081772e-01,  5.802217469066231e-01,  8.841704840349082e-01, -2.074376065028847e-01,  3.082544963228259e-02
  2.560000000000000e+00, -1.071505164449124e-01, -1.875022233967080e+00,  2.244092836123248e-01,  1.883816902989916e-01,  7.371173303590969e-01,  1.999658547881790e-01, -3.434509058309613e-01,  4.187768619274715e-01, -3.705597439263996e-01,  5.720178405644523e-01,  8.837205666430220e-01, -2.105838475868760e-01,  3.045462130857434e-02
  2.570000000000000e+00, -1.052981653968443e-01, -1.875685731267943e+00,  2.218520104015796e-01,  1.874725466116889e-01,  7.373865722647053e-01,  1.998649518960976e-01, -3.417054850246798e-01,  4.202345700578241e-01, -3.758416840476458e-01,  5.641872034023216e-01,  8.829648696495376e-01, -2.135374214988761e-01,  3.008889395419414e-02
  2.580000000000000e+00, -1.033792001660936e-01, -1.876355711512337e+00,  2.192146374981623e-01,  1.865378149854194e-01,  7.376685848680492e-01,  1.997578834107423e-01, -3.399891409669570e-01,  4.216575481204054e-01, -3.808862202278872e-01,  5.568577066134369e-01,  8.818542936576527e-01, -2.162483822828207e-01,  2.973469563874803e-02
  2.590000000000000e+00, -1.013671697738786e-01, -1.877087169358670e+00,  2.164638736861652e-01,  1.855707017794059e-01,  7.379636519591152e-01,  1.996449051150988e-01, -3.382666268448532e-01,  4.229773064141489e-01, -3.857187372232168e-01,  5.501515298587126e-01,  8.803439011438671e-01, -2.186814678712994e-01,  2.939498039123858e-02
  2.600000000000000e+00, -9.925074539620758e-02, -1.877922532733456e+00,  2.135877820373903e-01,  1.845713493558360e-01,  7.382704216174703e-01,  1.995267934925564e-01, -3.365168531916719e-01,  4.241362374997602e-01, -3.903607990306052e-01,  5.441708166467896e-01,  8.784066500369200e-01, -2.208108954269221e-01,  2.907168010707898e-02
  2.610000000000000e+00, -9.702962905664968e-02, -1.878897308416879e+00,  2.105899001405134e-01,  1.835450183235373e-01,  7.385861086787061e-01,  1.994048520343617e-01, -3.347302155174752e-01,  4.250838916991078e-01, -3.948350992766489e-01,  5.389986558424973e-01,  8.760195316419872e-01, -2.226251743659593e-01,  2.876383914942293e-02
  2.620000000000000e+00, -9.471609630454858e-02, -1.880030598797248e+00,  2.074905269798960e-01,  1.825015202106210e-01,  7.389069720546320e-01,  1.992806662620766e-01, -3.329107122024887e-01,  4.257852148351853e-01, -3.991621400199358e-01,  5.346918527709441e-01,  8.731729676623590e-01, -2.241321517218420e-01,  2.846935391523414e-02
  2.630000000000000e+00, -9.233214966300143e-02, -1.881324029766652e+00,  2.043222088623290e-01,  1.814533191014744e-01,  7.392288933687508e-01,  1.991558845200027e-01, -3.310743314042687e-01,  4.262215381197620e-01, -4.033584747577199e-01,  5.312789972567484e-01,  8.698697399498895e-01, -2.253609825553233e-01,  2.818731461122686e-02
  2.640000000000000e+00, -8.990364595720859e-02, -1.882766134757408e+00,  2.011214736678224e-01,  1.804128335101597e-01,  7.395480679362244e-01,  1.990319812210197e-01, -3.292437934721568e-01,  4.263872800479842e-01, -4.074360333905358e-01,  5.287620960674277e-01,  8.661259230666143e-01, -2.263533363714580e-01,  2.791961576625503e-02
  2.650000000000000e+00, -8.745312115278386e-02, -1.884336414981382e+00,  1.979191209830083e-01,  1.793892761590594e-01,  7.398619926582012e-01,  1.989098664946664e-01, -3.274422659022419e-01,  4.262874033610318e-01, -4.114022746882842e-01,  5.271191989428491e-01,  8.619749876819062e-01, -2.271502096682305e-01,  2.767031478266475e-02
  2.660000000000000e+00, -8.500188078525432e-02, -1.886015143771934e+00,  1.947434873935641e-01,  1.783908391292284e-01,  7.401682743087873e-01,  1.987904604008775e-01, -3.256945635950537e-01,  4.259323167356160e-01, -4.152563147824476e-01,  5.263017489420980e-01,  8.574697053250420e-01, -2.277925056354793e-01,  2.744446204738624e-02
  2.670000000000000e+00, -8.256326854282227e-02, -1.887777537908918e+00,  1.916113159930498e-01,  1.774208981710816e-01,  7.404664018523119e-01,  1.986738650195221e-01, -3.240226472921691e-01,  4.253427584543321e-01, -4.189905825332146e-01,  5.262390909111717e-01,  8.526883256860249e-01, -2.283161132731659e-01,  2.724602142229143e-02
  2.680000000000000e+00, -8.014955343398807e-02, -1.889601201614812e+00,  1.885374490067181e-01,  1.764823071904330e-01,  7.407558604965752e-01,  1.985602210017844e-01, -3.224470604301202e-01,  4.245468654793987e-01, -4.225854025265262e-01,  5.268356739237975e-01,  8.477341327503842e-01, -2.287543968577415e-01,  2.707668123079960e-02
  2.690000000000000e+00, -7.777234936928880e-02, -1.891464797789921e+00,  1.855353813595646e-01,  1.755774927592028e-01,  7.410361722843345e-01,  1.984496762916042e-01, -3.209807782167188e-01,  4.235807626111085e-01, -4.260075310591430e-01,  5.279755856001179e-01,  8.427193639982490e-01, -2.291382057804112e-01,  2.693587999298594e-02
  2.700000000000000e+00, -7.544457387999358e-02, -1.893343252027604e+00,  1.826195768764408e-01,  1.747088608198233e-01,  7.413069560792950e-01,  1.983423215078031e-01, -3.196230212605962e-01,  4.224908641624542e-01, -4.292094651715104e-01,  5.295299335681048e-01,  8.377476447730680e-01, -2.295021274394098e-01,  2.682246796719669e-02
  2.710000000000000e+00, -7.318416294439149e-02, -1.895200897226325e+00,  1.798097917567525e-01,  1.738797226285693e-01,  7.415678426514268e-01,  1.982381788550432e-01, -3.183569101231271e-01,  4.213383586293207e-01, -4.321309821750164e-01,  5.313665015030647e-01,  8.329135779595429e-01, -2.298862561844697e-01,  2.673549690260020e-02
  2.720000000000000e+00, -7.101940347459912e-02, -1.896986666223371e+00,  1.771373917821743e-01,  1.730960871836635e-01,  7.418178997789958e-01,  1.981374342871242e-01, -3.171540477752161e-01,  4.202019704336495e-01, -4.347038310221328e-01,  5.333587236511248e-01,  8.283125946607376e-01, -2.303264005630179e-01,  2.667312170869781e-02
  2.730000000000000e+00, -6.899314451045394e-02, -1.898633163288795e+00,  1.746502900122005e-01,  1.723682736308406e-01,  7.420549108514688e-01,  1.980407745245634e-01, -3.159847038267072e-01,  4.191752973140734e-01, -4.368597841325985e-01,  5.353919860727097e-01,  8.240422433604925e-01, -2.308398923337409e-01,  2.663126847166536e-02
  2.740000000000000e+00, -6.716266467501361e-02, -1.900060860417229e+00,  1.724126825962189e-01,  1.717111277743552e-01,  7.422750062938998e-01,  1.979496035932239e-01, -3.148289205364424e-01,  4.183571407792417e-01, -4.385394549538432e-01,  5.373671946771218e-01,  8.201909724542453e-01, -2.314201869492090e-01,  2.660400719652296e-02
  2.750000000000000e+00, -6.559470834539899e-02, -1.901187087593514e+00,  1.704992725905786e-01,  1.711427503187345e-01,  7.424727790652017e-01,  1.978660618469143e-01, -3.136849501045118e-01,  4.178375804614179e-01, -4.396984102525849e-01,  5.392014724935563e-01,  8.168266714919031e-01, -2.320463981103904e-01,  2.658498001235572e-02
  2.760000000000000e+00, -6.435790413022033e-02, -1.901936382458850e+00,  1.689867827554540e-01,  1.706824513268923e-01,  7.426417819551130e-01,  1.977928594759234e-01, -3.125740104014585e-01,  4.176862120416426e-01, -4.403094531522992e-01,  5.408264687081256e-01,  8.139945523291258e-01, -2.327007373799657e-01,  2.656812131208678e-02
  2.770000000000000e+00, -6.351556927260558e-02, -1.902252325387856e+00,  1.679465208763053e-01,  1.703492605174315e-01,  7.427748257157633e-01,  1.977331918845360e-01, -3.115409537937985e-01,  4.179439935787698e-01, -4.403614372493419e-01,  5.421870746556195e-01,  8.117142182102927e-01, -2.333815962772716e-01,  2.654734421723095e-02
  2.780000000000000e+00, -6.311601802618808e-02, -1.902090886998504e+00,  1.674327858490630e-01,  1.701574451252137e-01,  7.428664587000336e-01,  1.976895045440690e-01, -3.106462312356764e-01,  4.186341987993845e-01, -4.398565286314182e-01,  5.432415481753580e-01,  8.099997412246418e-01, -2.341009596669346e-01,  2.651834327767268e-02
  2.790000000000000e+00, -6.319242114306715e-02, -1.901442678810676e+00,  1.674851521939104e-01,  1.701193676517870e-01,  7.429109879155937e-01,  1.976645153218683e-01, -3.099595701000905e-01,  4.197494974896560e-01, -4.388037638457516e-01,  5.439656684510760e-01,  8.088295834175198e-01, -2.348929463889307e-01,  2.647758851195926e-02
  2.800000000000000e+00, -6.375803508246396e-02, -1.900318729530591e+00,  1.681221099214060e-01,  1.702421712754379e-01,  7.429047233724441e-01,  1.976600430290660e-01, -3.095473634042436e-01,  4.212690936741255e-01, -4.372142793206746e-01,  5.443555060423487e-01,  8.081709925041444e-01, -2.358087579846757e-01,  2.642347399232189e-02
  2.810000000000000e+00, -6.480814248028272e-02, -1.898750684821624e+00,  1.693436315067827e-01,  1.705287757148971e-01,  7.428456195265101e-01,  1.976771552321727e-01, -3.094677866007471e-01,  4.231622553539702e-01, -4.350979874311550e-01,  5.444312648148646e-01,  8.079806830620030e-01, -2.369121175956457e-01,  2.635404727509181e-02
  2.820000000000000e+00, -6.632310784917840e-02, -1.896789074178628e+00,  1.711345535888419e-01,  1.709789414223122e-01,  7.427328733090197e-01,  1.977163416534521e-01, -3.097717733625179e-01,  4.253898865787096e-01, -4.324664487370163e-01,  5.442433686399275e-01,  8.082113053956822e-01, -2.382705159293774e-01,  2.626523049162766e-02
  2.830000000000000e+00, -6.827181447654429e-02, -1.894503139143629e+00,  1.734681973988089e-01,  1.715905213158776e-01,  7.425663047066321e-01,  1.977778117903770e-01, -3.105061201605313e-01,  4.279006416966404e-01, -4.293423817196668e-01,  5.438829831290990e-01,  8.088113453530548e-01, -2.399471561233504e-01,  2.615131485458556e-02
  2.840000000000000e+00, -7.061390408702661e-02, -1.891978290839396e+00,  1.763080909307989e-01,  1.723598259987281e-01,  7.423461856574257e-01,  1.978615763605306e-01, -3.117109490072967e-01,  4.306268581418871e-01, -4.257717221393675e-01,  5.434949220653180e-01,  8.097101037431719e-01, -2.419904078880430e-01,  2.600757260343389e-02
  2.850000000000001e+00, -7.329987835688248e-02, -1.889308360233713e+00,  1.796065024460190e-01,  1.732803746926967e-01,  7.420739443341776e-01,  1.979670990280503e-01, -3.134085138137815e-01,  4.334841732551506e-01, -4.218313565159558e-01,  5.432855176222418e-01,  8.107969752336188e-01, -2.444230742243412e-01,  2.583335724200006e-02
  2.860000000000000e+00, -7.627098313024487e-02, -1.886584933790740e+00,  1.833024778611887e-01,  1.743411173224955e-01,  7.417531407202296e-01,  1.980928218905959e-01, -3.155895540153736e-01,  4.363740736980969e-01, -4.176270935994033e-01,  5.435167041826759e-01,  8.119144094197989e-01, -2.472335254055791e-01,  2.563364569232581e-02
  2.870000000000000e+00, -7.946234020293079e-02, -1.883889818127555e+00,  1.873244033312574e-01,  1.755264271658387e-01,  7.413894931925188e-01,  1.982361628016441e-01, -3.182062717056347e-01,  4.391862893021055e-01, -4.132822837310919e-01,  5.444839275321058e-01,  8.128722153688661e-01, -2.503661409734881e-01,  2.541816919978552e-02
  2.880000000000000e+00, -8.280965627508964e-02, -1.881294009154724e+00,  1.915980021871280e-01,  1.768185949372207e-01,  7.409896226243475e-01,  1.983941337998155e-01, -3.211747087077312e-01,  4.418000471268056e-01, -4.089223414950428e-01,  5.464838565438734e-01,  8.134804616728256e-01, -2.537174309556915e-01,  2.519928103778191e-02
  2.890000000000000e+00, -8.625632005778500e-02, -1.878860606406561e+00,  1.960556374976989e-01,  1.782012612954543e-01,  7.405594011840275e-01,  1.985641312677276e-01, -3.243832021602896e-01,  4.440873643529133e-01, -4.046595850442221e-01,  5.497806388607971e-01,  8.135938634222777e-01, -2.571461311847991e-01,  2.498992676270988e-02
  2.900000000000000e+00, -8.975679497182343e-02, -1.876647763456110e+00,  2.006412323234513e-01,  1.796614354966696e-01,  7.401030472916262e-01,  1.987443532311533e-01, -3.277024616239302e-01,  4.459208587579490e-01, -4.005801639776848e-01,  5.545778354661480e-01,  8.131473813677307e-01, -2.604907804805414e-01,  2.480256518809600e-02
  2.910000000000000e+00, -9.327453193604712e-02, -1.874710441238029e+00,  2.053080351948330e-01,  1.811888982127410e-01,  7.396233799764531e-01,  1.989336779681502e-01, -3.309941378652108e-01,  4.471837715925319e-01, -3.967339828210753e-01,  5.609996787990463e-01,  8.121652889244279e-01, -2.635859405705701e-01,  2.464937664819126e-02
  2.920000000000000e+00, -9.677763924344925e-02, -1.873100913833196e+00,  2.100132031761200e-01,  1.827743004760426e-01,  7.391225886192294e-01,  1.991313174041348e-01, -3.341183916246423e-01,  4.477784350519962e-01, -3.931289307275816e-01,  5.690814727336985e-01,  8.107459363061302e-01, -2.662786004616380e-01,  2.454275984780407e-02
  2.930000000000000e+00, -1.002369383348508e-01, -1.871867123134095e+00,  2.147153689549670e-01,  1.844080900859919e-01,  7.386027230980746e-01,  1.993365892919687e-01, -3.369433785657732e-01,  4.476329801416149e-01, -3.897322528202528e-01,  5.787701333865368e-01,  8.090296230526763e-01, -2.684468674116540e-01,  2.449475318166015e-02
  2.940000000000000e+00, -1.036272289320263e-01, -1.871047975640618e+00,  2.193765208180782e-01,  1.860807211863005e-01,  7.380658430675991e-01,  1.995488127390884e-01, -3.393565282966567e-01,  4.467092922414148e-01, -3.864809804999600e-01,  5.899375299690057e-01,  8.071623454861435e-01, -2.700163068579720e-01,  2.451485166995927e-02
  2.950000000000000e+00, -1.069319299111154e-01, -1.870663806225712e+00,  2.239686548952269e-01,  1.877842256244889e-01,  7.375139658554203e-01,  1.997672349494825e-01, -3.412746123457694e-01,  4.450178713572502e-01, -3.832971399908585e-01,  6.023982378581045e-01,  8.053037266430106e-01, -2.709678097787243e-01,  2.460847102710033e-02
  2.960000000000000e+00, -1.101402137119998e-01, -1.870719580287694e+00,  2.284706547498135e-01,  1.895113963455630e-01,  7.369492904288842e-01,  1.999909522861501e-01, -3.426491433317098e-01,  4.426011341966478e-01, -3.801021944201474e-01,  6.159509705060551e-01,  8.034904902876014e-01, -2.713182273526666e-01,  2.476696494708409e-02
  2.970000000000000e+00, -1.132583418825043e-01, -1.871187623436263e+00,  2.328844937441905e-01,  1.912603766584152e-01,  7.363736282997452e-01,  2.002189462043746e-01, -3.434678604399701e-01,  4.395614918683654e-01, -3.768232729719763e-01,  6.303711706032652e-01,  8.018201629500706e-01, -2.711187508178958e-01,  2.497995963484920e-02
  2.980000000000000e+00, -1.163020685485003e-01, -1.872018507172112e+00,  2.372258858689779e-01,  1.930323714164916e-01,  7.357888569356344e-01,  2.004499648186937e-01, -3.437513743081496e-01,  4.360264983206886e-01, -3.733986555756639e-01,  6.454479746207518e-01,  8.003067999249889e-01, -2.704268597911144e-01,  2.523010271158437e-02
  2.990000000000000e+00, -1.192952613399457e-01, -1.873142471716822e+00,  2.415229635986056e-01,  1.948314408133962e-01,  7.351970516313640e-01,  2.006824604983469e-01, -3.435470912518774e-01,  4.321407718770524e-01, -3.697795924187907e-01,  6.609911139234337e-01,  7.989215141057910e-01, -2.693046191256778e-01,  2.549861693552932e-02
  3.000000000000000e+00, -1.222656753816428e-01, -1.874476485367427e+00,  2.458108109042982e-01,  1.966632136616272e-01,  7.346006411898262e-01,  2.009145868193776e-01, -3.429203238384391e-01,  4.280517637221974e-01, -3.659316661505067e-01,  6.768388968964636e-01,  7.976141038996015e-01, -2.678252009107926e-01,  2.576914530247799e-02
  3.010000000000000e+00, -1.252396127847022e-01, -1.875934442137756e+00,  2.501241269710257e-01,  1.985330964378811e-01,  7.340024837985876e-01,  2.011442774604655e-01, -3.419428449061406e-01,  4.238961650298361e-01, -3.618350984617890e-01,  6.928647405659575e-01,  7.963307141617472e-01, -2.660745782296954e-01,  2.602988223485992e-02
  3.020000000000000e+00, -1.282364041396044e-01, -1.877436698143295e+00,  2.544892696568954e-01,  2.004440499302645e-01,  7.334059990640053e-01,  2.013693205866403e-01, -3.406818241237513e-01,  4.197907762619022e-01, -3.574829444925862e-01,  7.089788496980316e-01,  7.950171667960781e-01, -2.641393328022055e-01,  2.627151432667209e-02
  3.030000000000000e+00, -1.312645053907487e-01, -1.878915797638881e+00,  2.589182741240570e-01,  2.023946369617428e-01,  7.328152998748677e-01,  2.015874152198543e-01, -3.391928835995482e-01,  4.158290840129029e-01, -3.528778467056002e-01,  7.251226014871603e-01,  7.936148292555731e-01, -2.620908806514497e-01,  2.648366991099110e-02
  3.040000000000000e+00, -1.343195529406047e-01, -1.880319150502898e+00,  2.634054713126385e-01,  2.043777032062293e-01,  7.322352158637417e-01,  2.017962488276825e-01, -3.375170261410386e-01,  4.120808600314912e-01, -3.480295406650567e-01,  7.412622407037363e-01,  7.920498845575926e-01, -2.599702018335124e-01,  2.665378206240039e-02
  3.050000000000000e+00, -1.373832645481810e-01, -1.881615063766376e+00,  2.679251986687546e-01,  2.063797911576907e-01,  7.316709231459834e-01,  2.019937550439272e-01, -3.356789173127376e-01,  4.085892068170534e-01, -3.429536720238056e-01,  7.573870655148879e-01,  7.902018754313352e-01, -2.577725773815520e-01,  2.676763385497765e-02
  3.060000000000000e+00, -1.404303399012377e-01, -1.882775565608647e+00,  2.724411870660415e-01,  2.083829501866873e-01,  7.311280772606579e-01,  2.021779138591564e-01, -3.336938535152567e-01,  4.053882183575644e-01, -3.376701967001617e-01,  7.734962016281446e-01,  7.879484272114164e-01, -2.554429038132822e-01,  2.681442502538452e-02
  3.070000000000000e+00, -1.434256369338341e-01, -1.883802104053030e+00,  2.769018935190246e-01,  2.103653316219729e-01,  7.306113199701602e-01,  2.023475792323561e-01, -3.315636070603579e-01,  4.024823997848344e-01, -3.322036037754639e-01,  7.895963838396107e-01,  7.851404068817142e-01, -2.529179010725884e-01,  2.678754768912385e-02
  3.080000000000000e+00, -1.463325440448351e-01, -1.884705051835840e+00,  2.812523364648687e-01,  2.123038698698907e-01,  7.301245382390373e-01,  2.025021382335463e-01, -3.292834413036634e-01,  3.998673085791865e-01, -3.265825767599939e-01,  8.056804116900621e-01,  7.817358959255438e-01, -2.501711805031293e-01,  2.669223460840450e-02
  3.090000000000000e+00, -1.491162702732609e-01, -1.885498872856733e+00,  2.854389275542374e-01,  2.141758414049526e-01,  7.296707734003703e-01,  2.026414512542504e-01, -3.268454839443300e-01,  3.975349647108061e-01, -3.208392817197480e-01,  8.217188777790689e-01,  7.778563310940459e-01, -2.472477296761184e-01,  2.654873069057337e-02
  3.100000000000000e+00, -1.517488201029924e-01, -1.886193285797740e+00,  2.894172002580734e-01,  2.159613350415863e-01,  7.292522016396693e-01,  2.027656920492361e-01, -3.242480268231858e-01,  3.954808549271743e-01, -3.150081814994083e-01,  8.376627330330085e-01,  7.737670827793103e-01, -2.442568856673417e-01,  2.638879948238103e-02
  3.110000000000000e+00, -1.542126825844218e-01, -1.886794885059921e+00,  2.931578318161239e-01,  2.176462411904101e-01,  7.288696039367456e-01,  2.028754503797004e-01, -3.215046650751394e-01,  3.937014572968213e-01, -3.091276483728025e-01,  8.534564352257282e-01,  7.697719600764277e-01, -2.413316413441156e-01,  2.624393308713402e-02
  3.120000000000000e+00, -1.565000065728882e-01, -1.887321151311241e+00,  2.966456614037140e-01,  2.192236361093897e-01,  7.285216518588937e-01,  2.029720457148935e-01, -3.186431697251281e-01,  3.921827789691959e-01, -3.032452068445410e-01,  8.690518879443394e-01,  7.661089432151069e-01, -2.385924641005657e-01,  2.613479985851011e-02
  3.130000000000000e+00, -1.586074666948341e-01, -1.887820311769123e+00,  2.998716952635614e-01,  2.206927228998459e-01,  7.282043971235663e-01,  2.030578829823414e-01, -3.156946137826125e-01,  3.908862899880867e-01, -2.974223943039924e-01,  8.844186538210312e-01,  7.628940345284064e-01, -2.361375988297940e-01,  2.606778427833711e-02
  3.140000000000000e+00, -1.605346401336598e-01, -1.888344007642012e+00,  3.028310588321039e-01,  2.220550672074243e-01,  7.279134372474034e-01,  2.031354497518386e-01, -3.126893732975594e-01,  3.897641005867701e-01, -2.917263254104711e-01,  8.995432861480135e-01,  7.601364831214664e-01, -2.340319038431666e-01,  2.603954158486371e-02
  3.150000000000000e+00, -1.622831764492761e-01, -1.888933147451528e+00,  3.055221875660344e-01,  2.233127123768977e-01,  7.276449791717191e-01,  2.032068328242693e-01, -3.096567077935717e-01,  3.887681286322159e-01, -2.862229167161986e-01,  9.144245943113400e-01,  7.577530612806768e-01, -2.323106153885841e-01,  2.604216296063841e-02
  3.160000000000000e+00, -1.638562132990877e-01, -1.889608716809888e+00,  3.079463877308904e-01,  2.244669548072799e-01,  7.273964941115436e-01,  2.032734292480485e-01, -3.066243054171582e-01,  3.878573369340544e-01, -2.809714650623023e-01,  9.290648801767902e-01,  7.556050728034539e-01, -2.309819847348813e-01,  2.606723485146456e-02
  3.170000000000000e+00, -1.652565181558928e-01, -1.890367365641031e+00,  3.101053086287758e-01,  2.255166941648120e-01,  7.271671986515140e-01,  2.033357857654094e-01, -3.036150497037750e-01,  3.870017074555647e-01, -2.760200138097990e-01,  9.434626718518807e-01,  7.535493998013280e-01, -2.300228801939217e-01,  2.610771406538671e-02
  3.180000000000000e+00, -1.664836660009299e-01, -1.891201086648538e+00,  3.119961847684047e-01,  2.264584619522316e-01,  7.269570723120472e-01,  2.033941642396263e-01, -3.006419231944840e-01,  3.861717771089598e-01, -2.714065046446307e-01,  9.576116538057726e-01,  7.514634860341869e-01, -2.293826888647297e-01,  2.615783785537367e-02
  3.190000000000000e+00, -1.675347282230756e-01, -1.892096701464356e+00,  3.136128945545810e-01,  2.272868048340352e-01,  7.267667797657437e-01,  2.034485631307547e-01, -2.977093371511437e-01,  3.853382329969715e-01, -2.671581923889877e-01,  9.714969703312050e-01,  7.492730198867502e-01, -2.289832518979880e-01,  2.621388677529058e-02
  3.200000000000000e+00, -1.684088246547345e-01, -1.893041912262313e+00,  3.149529005335093e-01,  2.279980893161261e-01,  7.265967014177463e-01,  2.034990228536647e-01, -2.948218353477808e-01,  3.844677651066269e-01, -2.632906141279104e-01,  9.850876355731116e-01,  7.469490277117981e-01, -2.287306252649584e-01,  2.627487962498667e-02
  3.210000000000000e+00, -1.691123441860630e-01, -1.894028033645189e+00,  3.160253491582624e-01,  2.285945177027112e-01,  7.264461347409853e-01,  2.035458177123655e-01, -2.919944674541530e-01,  3.835253597762260e-01, -2.598216512784393e-01,  9.983295383319027e-01,  7.445067693816171e-01, -2.285368726108401e-01,  2.634197322627785e-02
  3.220000000000000e+00, -1.696628910264190e-01, -1.895049852880902e+00,  3.168572579541857e-01,  2.290869796692989e-01,  7.263128570623196e-01,  2.035895170552034e-01, -2.892615825482703e-01,  3.824748118977876e-01, -2.567693500735338e-01,  1.011144294281978e+00,  7.419879572220135e-01, -2.283326766020524e-01,  2.641985113855141e-02
  3.230000000000000e+00, -1.700887677051057e-01, -1.896093635397088e+00,  3.174930199071900e-01,  2.294935185618522e-01,  7.261939879280975e-01,  2.036305934470687e-01, -2.866778067197920e-01,  3.812878227886324e-01, -2.541607129896752e-01,  1.023434981793105e+00,  7.394638764897349e-01, -2.280677134602225e-01,  2.651528671512534e-02
  3.240000000000000e+00, -1.704236035056298e-01, -1.897151227849645e+00,  3.179854583552957e-01,  2.298368575617596e-01,  7.260857456071795e-01,  2.036697227702438e-01, -2.843103497675528e-01,  3.799381891899022e-01, -2.520354676808790e-01,  1.035096282850251e+00,  7.370124447783002e-01, -2.277135914762505e-01,  2.663385250090750e-02
  3.250000000000000e+00, -1.706995869015851e-01, -1.898211086934718e+00,  3.183853618269163e-01,  2.301385867059327e-01,  7.259848309681362e-01,  2.037073768785084e-01, -2.822308174826709e-01,  3.784076680485784e-01, -2.504396913398028e-01,  1.046017446454071e+00,  7.347183484230070e-01, -2.272566533144811e-01,  2.677911377111696e-02
  3.260000000000000e+00, -1.709378031269273e-01, -1.899273068320225e+00,  3.187258043444559e-01,  2.304136335246224e-01,  7.258886276113401e-01,  2.037440719097128e-01, -2.805031682983663e-01,  3.766801042248725e-01, -2.494166534847159e-01,  1.056082356796093e+00,  7.326548017087252e-01, -2.267039899898566e-01,  2.695167874825618e-02
  3.270000000000000e+00, -1.711376314561470e-01, -1.900340405115291e+00,  3.190057585637687e-01,  2.306618139023492e-01,  7.257969539595283e-01,  2.037799258597675e-01, -2.791717337982582e-01,  3.747476551437291e-01, -2.489901188762776e-01,  1.065167028754527e+00,  7.308874935943839e-01, -2.260771660040235e-01,  2.715017052936464e-02
  3.280000000000000e+00, -1.712660258133062e-01, -1.901430280203788e+00,  3.191730376878556e-01,  2.308611574240008e-01,  7.257126296798136e-01,  2.038147751975973e-01, -2.782483690942108e-01,  3.726100784310207e-01, -2.491524570226853e-01,  1.073140097206645e+00,  7.294677244912000e-01, -2.254144942707472e-01,  2.737131889824356e-02
  3.290000000000000e+00, -1.712518293480927e-01, -1.902571330951471e+00,  3.191156636033992e-01,  2.309636166978194e-01,  7.256422676829436e-01,  2.038480082003185e-01, -2.777061620987553e-01,  3.702808226934939e-01, -2.498556081325533e-01,  1.079863245138956e+00,  7.284426147014580e-01, -2.247718999458097e-01,  2.761103420443576e-02
  3.300000000000000e+00, -1.709886356433035e-01, -1.903803192015340e+00,  3.186668735572118e-01,  2.308973551463928e-01,  7.255959599840025e-01,  2.038785967824995e-01, -2.774824397447734e-01,  3.677889834949212e-01, -2.510124784954714e-01,  1.085192912474961e+00,  7.278613642979733e-01, -2.242269933396741e-01,  2.786445448669190e-02
  3.310000000000000e+00, -1.703473638179909e-01, -1.905164415292324e+00,  3.176262441708939e-01,  2.305753596974712e-01,  7.255866534614797e-01,  2.039048902387119e-01, -2.774922000679054e-01,  3.651822403208326e-01, -2.525084784156119e-01,  1.088983137874251e+00,  7.277831497622994e-01, -2.238733247834559e-01,  2.812530314656582e-02
  3.320000000000000e+00, -1.691967604531489e-01, -1.906698549729119e+00,  3.157932652988566e-01,  2.299121239596294e-01,  7.256275893305294e-01,  2.039249774968509e-01, -2.776491467547022e-01,  3.625177672902142e-01, -2.542281463118970e-01,  1.091091626287565e+00,  7.282660954004835e-01, -2.238192409982998e-01,  2.838430456366918e-02
  3.330000000000000e+00, -1.674281815918301e-01, -1.908438066500618e+00,  3.130083904175848e-01,  2.288414036146111e-01,  7.257307164357326e-01,  2.039364225232001e-01, -2.778924819539602e-01,  3.598613828523751e-01, -2.560828215412163e-01,  1.091385631089281e+00,  7.293714645794251e-01, -2.241756983227556e-01,  2.863028113508429e-02
  3.340000000000000e+00, -1.649773418653747e-01, -1.910398374451497e+00,  3.091880784162635e-01,  2.273320598513020e-01,  7.259047301279998e-01,  2.039363315302641e-01, -2.782090625420552e-01,  3.572814308187361e-01, -2.580346880362450e-01,  1.089748846809236e+00,  7.311519474383107e-01, -2.250465521246314e-01,  2.885176899167094e-02
  3.350000000000001e+00, -1.618382950196749e-01, -1.912573023331374e+00,  3.043455883554284e-01,  2.253967243090219e-01,  7.261536485594052e-01,  2.039215800211521e-01, -2.786444842089538e-01,  3.548438070592398e-01, -2.601053226896623e-01,  1.086086085169065e+00,  7.336371994293848e-01, -2.265143165238348e-01,  2.903848858011739e-02
  3.360000000000000e+00, -1.580684107347078e-01, -1.914932314366423e+00,  2.985950544319761e-01,  2.230921914325281e-01,  7.264758239873508e-01,  2.038893348139116e-01, -2.793007452215899e-01,  3.526084049334531e-01, -2.623662851523170e-01,  1.080325053676173e+00,  7.368250259022815e-01, -2.286220821741352e-01,  2.918180819187259e-02
  3.370000000000000e+00, -1.537841736868985e-01, -1.917424976497881e+00,  2.921392083122333e-01,  2.205119409637727e-01,  7.268635160356401e-01,  2.038377818405620e-01, -2.803204939306168e-01,  3.506265529460083e-01, -2.649161689506942e-01,  1.072418286139854e+00,  7.406758880118594e-01, -2.313533956390956e-01,  2.927427803941523e-02
  3.380000000000000e+00, -1.491489434183820e-01, -1.919981228974261e+00,  2.852441931646398e-01,  2.177728724762991e-01,  7.273032657078372e-01,  2.037667956267967e-01, -2.818618354640511e-01,  3.489384294657560e-01, -2.678528271315314e-01,  1.062347995995494e+00,  7.450981473915297e-01, -2.346144343568797e-01,  2.930909514175567e-02
  3.390000000000000e+00, -1.443549860780415e-01, -1.922514885918633e+00,  2.782070707248984e-01,  2.149993574008333e-01,  7.277772841526428e-01,  2.036782245621001e-01, -2.840702545673804e-01,  3.475704876645236e-01, -2.712494321882339e-01,  1.050134637714720e+00,  7.499200814614762e-01, -2.382197709372749e-01,  2.928031055316835e-02
  3.400000000000000e+00, -1.396006450292893e-01, -1.924925321071136e+00,  2.713190945961114e-01,  2.123067254831334e-01,  7.282659897924597e-01,  2.035755644755182e-01, -2.870505871270774e-01,  3.465327032221528e-01, -2.751391363271877e-01,  1.035849641060955e+00,  7.548590263449468e-01, -2.418818481161091e-01,  2.918373294335087e-02
  3.410000000000000e+00, -1.350636786578965e-01, -1.927103095916839e+00,  2.648273510104615e-01,  2.097859768316583e-01,  7.287514407329788e-01,  2.034630278424758e-01, -2.908402502538741e-01,  3.458143490690255e-01, -2.795096298414639e-01,  1.019629044297924e+00,  7.595082313204705e-01, -2.452168639173333e-01,  2.901977882472736e-02
  3.420000000000000e+00, -1.308757732139639e-01, -1.928941311990812e+00,  2.589020260720654e-01,  2.074927613869671e-01,  7.292207465295248e-01,  2.033443174952694e-01, -2.953896572353385e-01,  3.453781147598871e-01, -2.843073819655110e-01,  1.001680023376261e+00,  7.633604928823189e-01, -2.477856083822454e-01,  2.880116270593622e-02
  3.430000000000000e+00, -1.271059712781527e-01, -1.930351327388675e+00,  2.536189483845196e-01,  2.054438080439488e-01,  7.296681698440070e-01,  2.032216346058391e-01, -3.005600232053271e-01,  3.451540663602639e-01, -2.894495437193178e-01,  9.822767957251228e-01,  7.658481443889149e-01, -2.491629187522901e-01,  2.856316904310753e-02
  3.440000000000000e+00, -1.237582326078054e-01, -1.931280017840455e+00,  2.489624470804023e-01,  2.036217397667763e-01,  7.300950068299848e-01,  2.030953981790637e-01, -3.061446321752192e-01,  3.450339876979961e-01, -2.948398057130392e-01,  9.617498974333630e-01,  7.663487260642159e-01, -2.490071248156800e-01,  2.836865309699751e-02
  3.450000000000000e+00, -1.207827493581143e-01, -1.931724410772713e+00,  2.448459178025913e-01,  2.019861929423745e-01,  7.305073472520195e-01,  2.029647751250659e-01, -3.119084252708025e-01,  3.448663047501042e-01, -3.003847504477110e-01,  9.404716121034928e-01,  7.641450617641097e-01, -2.471152878938625e-01,  2.830522834244425e-02
  3.460000000000000e+00, -1.180964164364741e-01, -1.931736184830482e+00,  2.411426493967777e-01,  2.004873261153221e-01,  7.309128708594771e-01,  2.028286241842022e-01, -3.176328912044333e-01,  3.444566528333878e-01, -3.060090576537264e-01,  9.188391928421547e-01,  7.583734026191483e-01, -2.434600587979625e-01,  2.847918081053507e-02
  3.470000000000000e+00, -1.160427571826569e-01, -1.930759365186694e+00,  2.382988433762432e-01,  1.992481525969107e-01,  7.312994082332063e-01,  2.026858331445439e-01, -3.235170874011843e-01,  3.454845123329011e-01, -3.125892105367002e-01,  8.984135135647651e-01,  7.575298540877714e-01, -2.327185463946764e-01,  2.804193607588373e-02
  3.480000000000000e+00, -1.149326559707117e-01, -1.928854776665123e+00,  2.367275158971434e-01,  1.984351011524274e-01,  7.316129619965283e-01,  2.025568898082059e-01, -3.292767451327687e-01,  3.492118575084087e-01, -3.184062446680322e-01,  8.765288110739241e-01,  7.783292435655675e-01, -2.192912227870061e-01,  2.611889122646396e-02
  3.490000000000000e+00, -1.132233027568697e-01, -1.927816961384246e+00,  2.343617624751472e-01,  1.973914073382063e-01,  7.319570708204545e-01,  2.024251996946172e-01, -3.340181518518247e-01,  3.493454028004388e-01, -3.227783787046879e-01,  8.534313759012075e-01,  7.792857717384032e-01, -2.131414177284945e-01,  2.618527585898372e-02
