Main.Studies.MarkerTracking.t,Main.HumanModel.BodyModel.Interface.Left.HipFlexion.Pos,Main.HumanModel.BodyModel.Interface.Left.HipAbduction.Pos,Main.HumanModel.BodyModel.Interface.Left.HipExternalRotation.Pos,Main.HumanModel.BodyModel.Interface.Left.KneeFlexion.Pos,Main.HumanModel.BodyModel.Interface.Left.AnklePlantarFlexion.Pos,Main.HumanModel.BodyModel.Interface.Left.SubTalarEversion.Pos
  1.600000000000000e+00, -4.519803238567172e-01, -5.355996383773465e-02,  3.378294569616550e-02,  2.737670986439274e-01, -2.479695482628578e-01,  1.340977278007053e-01
  1.610000000000000e+00, -4.537905188217179e-01, -4.064740420316526e-02,  3.059937330497389e-02,  2.911848028935332e-01, -2.283770231048980e-01,  1.158332850727511e-01
  1.620000000000000e+00, -4.540025840734903e-01, -2.746779062789129e-02,  2.720873193337494e-02,  3.110970194326620e-01, -2.050185517653467e-01,  9.761782587010132e-02
  1.630000000000000e+00, -4.525067149408363e-01, -1.436988790839600e-02,  2.359539075483885e-02,  3.339496545255391e-01, -1.779448904635945e-01,  7.949483889222837e-02
  1.640000000000000e+00, -4.491360317829894e-01, -1.676171067165777e-03,  1.980702019939449e-02,  3.602134120618236e-01, -1.473539174035968e-01,  6.143988255107492e-02
  1.650000000000000e+00, -4.436550855734981e-01,  1.034764167288604e-02,  1.594349788831069e-02,  3.903462722745047e-01, -1.136284728920458e-01,  4.342928793032114e-02
  1.660000000000000e+00, -4.357671785902553e-01,  2.151814569580091e-02,  1.214365214050265e-02,  4.247465382475032e-01, -7.737781876530457e-02,  2.551800804065923e-02
  1.670000000000000e+00, -4.251522130085070e-01,  3.174669660912932e-02,  8.554507163868441e-03,  4.636924643932921e-01, -3.946914109980205e-02,  7.935707650155074e-03
  1.680000000000000e+00, -4.115276972656567e-01,  4.103561163162084e-02,  5.290605284255552e-03,  5.072783138207990e-01, -1.032664086476769e-03, -8.832237461222015e-03
  1.690000000000000e+00, -3.947182496691019e-01,  4.945705499844855e-02,  2.400026741860121e-03,  5.553613553662361e-01,  3.657996974202540e-02, -2.402374603230104e-02
  1.700000000000000e+00, -3.747151259216226e-01,  5.711728222732848e-02, -1.492229707530264e-04,  6.075339626957543e-01,  7.189531249124932e-02, -3.666768531147484e-02
  1.710000000000000e+00, -3.517055584231344e-01,  6.411634472299932e-02, -2.454868461580240e-03,  6.631324372184815e-01,  1.034570480808114e-01, -4.572992806243981e-02
  1.720000000000000e+00, -3.260572529315478e-01,  7.051478323780125e-02, -4.643330539955483e-03,  7.212865917269284e-01,  1.299637123454832e-01, -5.028562257230496e-02
  1.730000000000000e+00, -2.982600066671384e-01,  7.631426186929580e-02, -6.826855961049504e-03,  7.809998330119401e-01,  1.503807501026423e-01, -4.965835444978563e-02
  1.740000000000000e+00, -2.688451841100217e-01,  8.145696597770202e-02, -9.070309356529136e-03,  8.412364995663472e-01,  1.640345014730838e-01, -4.350214533725136e-02
  1.750000000000000e+00, -2.383103102816855e-01,  8.584512561011759e-02, -1.137579951533355e-02,  9.009919288396843e-01,  1.706971726978630e-01, -3.183687135385228e-02
  1.760000000000000e+00, -2.070689922060682e-01,  8.937250508133610e-02, -1.368789334420024e-02,  9.593334803499961e-01,  1.706388408419837e-01, -1.505124316772696e-02
  1.770000000000000e+00, -1.754328675926169e-01,  9.195271416466566e-02, -1.591510068451714e-02,  1.015418420094164e+00,  1.646005676173168e-01,  6.122716996606999e-03
  1.780000000000000e+00, -1.436208967218544e-01,  9.353463296253683e-02, -1.795271134431367e-02,  1.068501678311062e+00,  1.536705572108951e-01,  3.066215908345231e-02
  1.790000000000000e+00, -1.117845744174881e-01,  9.410790529085333e-02, -1.969535418012188e-02,  1.117942349540837e+00,  1.390996358571707e-01,  5.733057844466818e-02
  1.800000000000000e+00, -8.003317412522690e-02,  9.370396967251193e-02, -2.104578229758508e-02,  1.163211705262865e+00,  1.221187734953248e-01,  8.477753251942984e-02
  1.810000000000000e+00, -4.845458568023438e-02,  9.239420550758903e-02, -2.192784553889496e-02,  1.203897843180453e+00,  1.038046865254745e-01,  1.116548895049534e-01
  1.820000000000000e+00, -1.713316558643842e-02,  9.028162741786327e-02, -2.229374843862264e-02,  1.239699576830579e+00,  8.501147610277277e-02,  1.367348859508322e-01
  1.830000000000000e+00,  1.383717419345512e-02,  8.748868021244194e-02, -2.211791692292093e-02,  1.270409972413061e+00,  6.636467529364239e-02,  1.590133226950994e-01
  1.840000000000000e+00,  4.434961552975158e-02,  8.414654614843897e-02, -2.138385857862586e-02,  1.295895928289544e+00,  4.829997484818336e-02,  1.777821720478762e-01
  1.850000000000000e+00,  7.427934176816989e-02,  8.038406225100481e-02, -2.007600486494784e-02,  1.316076504509874e+00,  3.112044673515205e-02,  1.926660930370191e-01
  1.860000000000000e+00,  1.034930251386969e-01,  7.632136109603982e-02, -1.816824264021612e-02,  1.330907177885137e+00,  1.504305036569422e-02,  2.036194993632794e-01
  1.870000000000000e+00,  1.318395904816486e-01,  7.206025236442071e-02, -1.562591678028390e-02,  1.340366040852721e+00,  2.248000294571015e-04,  2.109059698919890e-01
  1.880000000000000e+00,  1.591668038214152e-01,  6.768487201004891e-02, -1.240823271722654e-02,  1.344451222192858e+00, -1.323045939823275e-02,  2.150495254385754e-01
  1.890000000000000e+00,  1.853376491796465e-01,  6.326408960216012e-02, -8.479368982607873e-03,  1.343180998839838e+00, -2.527037997943070e-02,  2.167668433567197e-01
  1.900000000000000e+00,  2.102409297171869e-01,  5.885609317979146e-02, -3.818901638929333e-03,  1.336593484723223e+00, -3.589117880590874e-02,  2.168833333647348e-01
  1.910000000000000e+00,  2.337916197133682e-01,  5.451477185092535e-02,  1.570778833221941e-03,  1.324745388998745e+00, -4.513109677467364e-02,  2.162437156124273e-01
  1.920000000000000e+00,  2.559263070920355e-01,  5.029723748794424e-02,  7.659466391505968e-03,  1.307710021860678e+00, -5.305790893604300e-02,  2.156266976262531e-01
  1.930000000000000e+00,  2.765967439449870e-01,  4.627034547107023e-02,  1.438843687973956e-02,  1.285573276187762e+00, -5.975014382919846e-02,  2.156711031707217e-01
  1.940000000000000e+00,  2.957635494873201e-01,  4.251392115969721e-02,  2.167722467836777e-02,  1.258428417156840e+00, -6.527781928920469e-02,  2.168211630587312e-01
  1.950000000000000e+00,  3.133853960167365e-01,  3.911618051582177e-02,  2.943276959046361e-02,  1.226370940710300e+00, -6.968844987021874e-02,  2.193025368561113e-01
  1.960000000000000e+00,  3.294164806460030e-01,  3.616675560980975e-02,  3.756167396729174e-02,  1.189496309285768e+00, -7.299872470415188e-02,  2.231156425468647e-01
  1.970000000000000e+00,  3.437946991701428e-01,  3.374488204881954e-02,  4.597462554211675e-02,  1.147900037357836e+00, -7.519547069352621e-02,  2.280597997105094e-01
  1.980000000000000e+00,  3.564419363747847e-01,  3.191421007048278e-02,  5.459409799563276e-02,  1.101683858370868e+00, -7.624020876239047e-02,  2.337679531035916e-01
  1.990000000000000e+00,  3.672625156710800e-01,  3.071835585420568e-02,  6.335595186476733e-02,  1.050966389723746e+00, -7.607291081789415e-02,  2.397653856122050e-01
  2.000000000000000e+00,  3.761477975244311e-01,  3.018256912926809e-02,  7.221899151375377e-02,  9.958960464354945e-01, -7.461734727125538e-02,  2.455285968884344e-01
  2.010000000000000e+00,  3.829725418654648e-01,  3.031748499350329e-02,  8.117234446202584e-02,  9.366676923830374e-01, -7.179542364056626e-02,  2.505347376064047e-01
  2.020000000000000e+00,  3.875978674556150e-01,  3.112743220716108e-02,  9.023622430800021e-02,  8.735509922411909e-01, -6.754344480087723e-02,  2.542816066006434e-01
  2.030000000000000e+00,  3.898840444687221e-01,  3.261881911967546e-02,  9.945236178895622e-02,  8.069342371100365e-01, -6.182233088790035e-02,  2.562909161710255e-01
  2.040000000000000e+00,  3.897195224584915e-01,  3.480580687829438e-02,  1.088667553194657e-01,  7.373828592275644e-01, -5.462795522343153e-02,  2.561247841777516e-01
  2.050000000000000e+00,  3.870638448288579e-01,  3.771054294456588e-02,  1.185119027763856e-01,  6.657071789482479e-01, -4.601148466703502e-02,  2.534280034175801e-01
  2.060000000000000e+00,  3.820037576538247e-01,  4.135663783410104e-02,  1.283957591703633e-01,  5.930303826047870e-01, -3.611390757897074e-02,  2.479826804792683e-01
  2.070000000000000e+00,  3.748155590961994e-01,  4.575184486267014e-02,  1.385065253268211e-01,  5.208350382963118e-01, -2.521272463072147e-02,  2.397525009077595e-01
  2.080000000000000e+00,  3.660096546902795e-01,  5.085338045599053e-02,  1.488345273422269e-01,  4.509498558668148e-01, -1.376696545872269e-02,  2.289008130278198e-01
  2.090000000000000e+00,  3.563129085852492e-01,  5.651460840459732e-02,  1.593900974308693e-01,  3.854312463000087e-01, -2.423622819876301e-03,  2.157955322356588e-01
  2.100000000000000e+00,  3.465626286994278e-01,  6.243385734151596e-02,  1.701697120370493e-01,  3.263240494903418e-01,  8.055618454443313e-03,  2.010501470534395e-01
  2.110000000000000e+00,  3.375389436435549e-01,  6.814889043224559e-02,  1.810500825546248e-01,  2.753589768197808e-01,  1.694878322410640e-02,  1.856234814353990e-01
  2.120000000000000e+00,  3.298173452326446e-01,  7.310728911135156e-02,  1.916849550202964e-01,  2.337135579175938e-01,  2.374942539215902e-02,  1.708831213586738e-01
  2.130000000000000e+00,  3.237137285399691e-01,  7.678364686832273e-02,  2.015219963243257e-01,  2.019379409176696e-01,  2.828822405663968e-02,  1.584768282517087e-01
  2.140000000000000e+00,  3.193240430866353e-01,  7.877516528522732e-02,  2.099488310311804e-01,  1.800282849844939e-01,  3.077061810518572e-02,  1.500019753172758e-01
  2.150000000000000e+00,  3.166009249713969e-01,  7.883703399780773e-02,  2.164613622388891e-01,  1.675468345184441e-01,  3.174573020221837e-02,  1.466456975225718e-01
  2.160000000000000e+00,  3.154123302237929e-01,  7.687176789572958e-02,  2.207723360867686e-01,  1.637151418532606e-01,  3.202166281979494e-02,  1.489534550496918e-01
  2.170000000000000e+00,  3.155650012521925e-01,  7.290464391177109e-02,  2.228514576873931e-01,  1.674747517681972e-01,  3.252838179553098e-02,  1.567606796477327e-01
  2.180000000000000e+00,  3.168005344091578e-01,  6.706391336225437e-02,  2.228966168626154e-01,  1.775405222448583e-01,  3.413639541021715e-02,  1.692707241778492e-01
  2.190000000000000e+00,  3.187773892929162e-01,  5.956640641646338e-02,  2.212328804665495e-01,  1.924706680493250e-01,  3.746418303068084e-02,  1.852569442770019e-01
  2.200000000000000e+00,  3.210589516398595e-01,  5.070195217398199e-02,  2.182001165400021e-01,  2.107696596726573e-01,  4.273597364835507e-02,  2.033160683993572e-01
  2.210000000000000e+00,  3.231329763667788e-01,  4.081509318476817e-02,  2.141307252634106e-01,  2.310134002782132e-01,  4.974706003981404e-02,  2.220687598491004e-01
  2.220000000000000e+00,  3.244670358182902e-01,  3.028297532905944e-02,  2.094034800206565e-01,  2.519450906233504e-01,  5.792733353893329e-02,  2.403050605078937e-01
  2.230000000000000e+00,  3.245763564029879e-01,  1.947929004616555e-02,  2.044495827728644e-01,  2.725032578361083e-01,  6.644608049193203e-02,  2.571485796574370e-01
  2.240000000000000e+00,  3.230824884598146e-01,  8.723972559805171e-03,  1.996840882728879e-01,  2.918152810245251e-01,  7.433782360694083e-02,  2.721792676355851e-01
  2.250000000000000e+00,  3.197528852254380e-01, -1.758696158459916e-03,  1.954459736431019e-01,  3.092090365391307e-01,  8.065476825912171e-02,  2.853735900217736e-01
  2.260000000000000e+00,  3.145081073252586e-01, -1.185467262186912e-02,  1.919808656641191e-01,  3.242360586224137e-01,  8.461709947670565e-02,  2.968967236965034e-01
  2.270000000000000e+00,  3.073895176700139e-01, -2.154861013403520e-02,  1.894394418768229e-01,  3.366648271930293e-01,  8.571990878101450e-02,  3.069234019041038e-01
  2.280000000000000e+00,  2.985038981823188e-01, -3.089346899464007e-02,  1.878783901954753e-01,  3.464332659832119e-01,  8.378192982589895e-02,  3.155771786257132e-01
  2.290000000000000e+00,  2.879743540581427e-01, -3.996819898694670e-02,  1.872685584116318e-01,  3.535864949569728e-01,  7.893413322907369e-02,  3.229423123476926e-01
  2.300000000000000e+00,  2.759164381464467e-01, -4.883540847027845e-02,  1.875076777553664e-01,  3.582275316672859e-01,  7.155237437613964e-02,  3.290805079785663e-01
  2.310000000000000e+00,  2.624383082340197e-01, -5.751304619425368e-02,  1.884315979322818e-01,  3.604898582598323e-01,  6.215947891537475e-02,  3.340376420992338e-01
  2.320000000000000e+00,  2.476503850968751e-01, -6.596667581722082e-02,  1.898257231538519e-01,  3.605275182542578e-01,  5.133090951254267e-02,  3.378550089902091e-01
  2.330000000000000e+00,  2.316705390172881e-01, -7.411864808178636e-02,  1.914412362940472e-01,  3.585150104987699e-01,  3.962290558164090e-02,  3.405852724198566e-01
  2.340000000000000e+00,  2.146206262807465e-01, -8.186703524342720e-02,  1.930177431562397e-01,  3.546480208053918e-01,  2.752654580700255e-02,  3.423030928972623e-01
  2.350000000000000e+00,  1.966193810397315e-01, -8.910929345738494e-02,  1.943104610372856e-01,  3.491372479302954e-01,  1.544511161911534e-02,  3.431085767025716e-01
  2.360000000000000e+00,  1.777784978785605e-01, -9.576516659642831e-02,  1.951161155959452e-01,  3.421952109953257e-01,  3.688432473208948e-03,  3.431224434138747e-01
  2.370000000000000e+00,  1.582040589180989e-01, -1.017907326770693e-01,  1.952917079166254e-01,  3.340236526007674e-01, -7.524632345935755e-03,  3.424690168335127e-01
  2.380000000000000e+00,  1.379999110176645e-01, -1.071799333862655e-01,  1.947638134595655e-01,  3.248075763310716e-01, -1.805971709808262e-02,  3.412516617858796e-01
  2.390000000000000e+00,  1.172695463197152e-01, -1.119562546475641e-01,  1.935262299759341e-01,  3.147161033484535e-01, -2.785606693337848e-02,  3.395356759997716e-01
  2.400000000000000e+00,  9.611314427247648e-02, -1.161607756183358e-01,  1.916253328520486e-01,  3.039063275171177e-01, -3.691084477855135e-02,  3.373495877448826e-01
  2.410000000000000e+00,  7.462318490584047e-02, -1.198402032436010e-01,  1.891360217525981e-01,  2.925282107126958e-01, -4.526279737738527e-02,  3.347031364106662e-01
  2.420000000000000e+00,  5.288491767904235e-02, -1.230367226000024e-01,  1.861353790536976e-01,  2.807300747189359e-01, -5.297950952705562e-02,  3.316113206927813e-01
  2.430000000000000e+00,  3.097973979388571e-02, -1.257827875230360e-01,  1.826829115410219e-01,  2.686615598633671e-01, -6.014756553012430e-02,  3.281159261354521e-01
  2.440000000000000e+00,  8.986234696379915e-03, -1.281021647916938e-01,  1.788126776410146e-01,  2.564716104485300e-01, -6.686342582614868e-02,  3.243012603782977e-01
  2.450000000000000e+00, -1.301992483849298e-02, -1.300146624755907e-01,  1.745367170722194e-01,  2.443040487446214e-01, -7.322533446277567e-02,  3.203002992961916e-01
  2.460000000000000e+00, -3.496590027385220e-02, -1.315393034633561e-01,  1.698560813404889e-01,  2.322941796748984e-01, -7.932948778068961e-02,  3.162865301360218e-01
  2.470000000000000e+00, -5.678340105926825e-02, -1.326951017828484e-01,  1.647761463488158e-01,  2.205653717732702e-01, -8.526936487752138e-02,  3.124520845870035e-01
  2.480000000000000e+00, -7.841166452769774e-02, -1.335004902206074e-01,  1.593204152645498e-01,  2.092255005363642e-01, -9.113554451914470e-02,  3.089812489118925e-01
  2.490000000000000e+00, -9.979670919863892e-02, -1.339730332757914e-01,  1.535355309560984e-01,  1.983663243945923e-01, -9.701483379982030e-02,  3.060299920191518e-01
  2.500000000000000e+00, -1.208825805066191e-01, -1.341296233973883e-01,  1.474865528808787e-01,  1.880688497506085e-01, -1.029904360080308e-01,  3.037144152910709e-01
  2.510000000000000e+00, -1.415979063296908e-01, -1.339876070508637e-01,  1.412501543524363e-01,  1.784124752688485e-01, -1.091430550552448e-01,  3.021037870116378e-01
  2.520000000000000e+00, -1.618480586282072e-01, -1.335678717391608e-01,  1.349118452864213e-01,  1.694817831606754e-01, -1.155501631336018e-01,  3.012153863377171e-01
  2.530000000000000e+00, -1.815152892718259e-01, -1.328998449387273e-01,  1.285648408933247e-01,  1.613685385890855e-01, -1.222826139015961e-01,  3.010147781463126e-01
  2.540000000000000e+00, -2.004605683181688e-01, -1.320274422511338e-01,  1.223055822627759e-01,  1.541704645782892e-01, -1.293998944423043e-01,  3.014261483657570e-01
  2.550000000000000e+00, -2.185285925391649e-01, -1.310132209533927e-01,  1.162253342755286e-01,  1.479872574997373e-01, -1.369455545971741e-01,  3.023494345253345e-01
  2.560000000000000e+00, -2.355613044347585e-01, -1.299373234302457e-01,  1.104011903755023e-01,  1.429137086088377e-01, -1.449443505031121e-01,  3.036754881209790e-01
  2.570000000000000e+00, -2.514171802398273e-01, -1.288911535065302e-01,  1.048895572912180e-01,  1.390308664398066e-01, -1.534012889145324e-01,  3.052948250731021e-01
  2.580000000000000e+00, -2.659904839034012e-01, -1.279677068884233e-01,  9.972333489740584e-02,  1.363966891435490e-01, -1.623016302638396e-01,  3.071000250397333e-01
  2.590000000000000e+00, -2.792256019475789e-01, -1.272525889008289e-01,  9.491253870154920e-02,  1.350378318714959e-01, -1.716113417205418e-01,  3.089823488633779e-01
  2.600000000000000e+00, -2.911308501767524e-01, -1.268123560659475e-01,  9.044881040543892e-02,  1.349436972623750e-01, -1.812794544709866e-01,  3.108246679192999e-01
  2.610000000000000e+00, -3.017878836649864e-01, -1.266896729395524e-01,  8.631140897062543e-02,  1.360622469165287e-01, -1.912399617178568e-01,  3.124947778672889e-01
  2.620000000000000e+00, -3.113588537001443e-01, -1.269003051638373e-01,  8.246932947560452e-02,  1.382993960124732e-01, -2.014118810744692e-01,  3.138439634293073e-01
  2.630000000000000e+00, -3.200822923659632e-01, -1.274331071687624e-01,  7.887669685762178e-02,  1.415248276852047e-01, -2.116975877072773e-01,  3.147112525513381e-01
  2.640000000000000e+00, -3.282537934798979e-01, -1.282523368927502e-01,  7.546493769895450e-02,  1.455849335293448e-01, -2.219809165415975e-01,  3.149312387716196e-01
  2.650000000000000e+00, -3.361961837318666e-01, -1.293018008473270e-01,  7.213632130602646e-02,  1.503202826645101e-01, -2.321260777329845e-01,  3.143436681334247e-01
  2.660000000000000e+00, -3.442311661604884e-01, -1.305042592462564e-01,  6.876237598810131e-02,  1.555815209850572e-01, -2.419780633398367e-01,  3.128077760375892e-01
  2.670000000000000e+00, -3.526398163946470e-01, -1.317642862372170e-01,  6.519973895543790e-02,  1.612486626202921e-01, -2.513697635738701e-01,  3.101994001166380e-01
  2.680000000000000e+00, -3.616271731164784e-01, -1.329597717183550e-01,  6.131885068860975e-02,  1.672453142477416e-01, -2.601300659151403e-01,  3.064078364076441e-01
  2.690000000000000e+00, -3.712822047047831e-01, -1.339331090528446e-01,  5.704416128723794e-02,  1.735539585251936e-01, -2.680947817159650e-01,  3.013208230222861e-01
  2.700000000000000e+00, -3.815472163444348e-01, -1.344848866847244e-01,  5.238997065112060e-02,  1.802279523958855e-01, -2.751158383584684e-01,  2.948119410071353e-01
  2.710000000000000e+00, -3.922132947050684e-01, -1.343813806127703e-01,  4.747325619905727e-02,  1.873928955876794e-01, -2.810624447153561e-01,  2.867426414929581e-01
  2.720000000000000e+00, -4.029563770051495e-01, -1.333805394521972e-01,  4.249166133761910e-02,  1.952296873800221e-01, -2.858093005317237e-01,  2.769858881866648e-01
  2.730000000000000e+00, -4.134058674317322e-01, -1.312677013932240e-01,  3.767368244799572e-02,  2.039424907825999e-01, -2.892153637349112e-01,  2.654620237305270e-01
  2.740000000000000e+00, -4.232166753902969e-01, -1.278841723523483e-01,  3.322419958216590e-02,  2.137256430504803e-01, -2.911035324322847e-01,  2.521660182242099e-01
  2.750000000000000e+00, -4.321171680810877e-01, -1.231378727364993e-01,  2.928825852651045e-02,  2.247436707769234e-01, -2.912503350873129e-01,  2.371704800979965e-01
  2.760000000000000e+00, -4.399238192591525e-01, -1.169990227909168e-01,  2.593995293161362e-02,  2.371298076252843e-01, -2.893872214817021e-01,  2.206058262823201e-01
  2.770000000000000e+00, -4.465308916107276e-01, -1.094909890895612e-01,  2.318527172067946e-02,  2.509983383535831e-01, -2.852080022108555e-01,  2.026370609400451e-01
  2.780000000000000e+00, -4.518791623205713e-01, -1.006847203072463e-01,  2.097937599378481e-02,  2.664705329849999e-01, -2.783811745431300e-01,  1.834269464563246e-01
  2.790000000000000e+00, -4.559333534893246e-01, -9.069610834960895e-02,  1.922429778999082e-02,  2.836889239107352e-01, -2.685588009928235e-01,  1.631593213027036e-01
  2.800000000000000e+00, -4.586494418759147e-01, -7.968846187557221e-02,  1.778891976321463e-02,  3.028394036166471e-01, -2.553959893727149e-01,  1.420254811076694e-01
  2.810000000000000e+00, -4.599550683848408e-01, -6.787520911819533e-02,  1.652449475169944e-02,  3.241609675263274e-01, -2.385746178235546e-01,  1.202273843158542e-01
  2.820000000000000e+00, -4.597379974120049e-01, -5.551758304526500e-02,  1.528866118496086e-02,  3.479490077853175e-01, -2.178370888105672e-01,  9.796274618246514e-02
  2.830000000000000e+00, -4.578434881990028e-01, -4.290870554343540e-02,  1.396709588462836e-02,  3.745478918717681e-01, -1.930307541790271e-01,  7.541139024250269e-02
  2.840000000000000e+00, -4.540699507693329e-01, -3.034410002643662e-02,  1.248304857104807e-02,  4.043314860207414e-01, -1.641622794506185e-01,  5.274852073462358e-02
  2.850000000000001e+00, -4.481556992207235e-01, -1.808659195298090e-02,  1.079783859850905e-02,  4.376736405155820e-01, -1.314598507795361e-01,  3.019031387388395e-02
  2.860000000000000e+00, -4.397727715072794e-01, -6.333435222046546e-03,  8.908248858940268e-03,  4.749086717419617e-01, -9.543841253187868e-02,  8.054568618410127e-03
  2.870000000000000e+00, -4.285536711460544e-01,  4.805302953627910e-03,  6.834651412978144e-03,  5.162781051146795e-01, -5.695594104421477e-02, -1.318153293399346e-02
  2.880000000000000e+00, -4.141584428627910e-01,  1.530622547775806e-02,  4.594045883377949e-03,  5.618654909583682e-01, -1.723635051629461e-02, -3.284662925137691e-02
  2.890000000000000e+00, -3.963641978243594e-01,  2.520474533409955e-02,  2.168761940955510e-03,  6.115341146866935e-01,  2.217557453744746e-02, -5.009317240870295e-02
  2.900000000000000e+00, -3.751439862310754e-01,  3.454726504415606e-02, -5.076622207318093e-04,  6.648895377395955e-01,  5.954728287248556e-02, -6.398475673237243e-02
  2.910000000000000e+00, -3.507028050390658e-01,  4.334148870837162e-02, -3.533740363769074e-03,  7.212830834427171e-01,  9.315471264400381e-02, -7.362865908605100e-02
  2.920000000000000e+00, -3.234555785534869e-01,  5.152422587057259e-02, -6.997522090981155e-03,  7.798596029036672e-01,  1.214807831635029e-01, -7.830276166718561e-02
  2.930000000000000e+00, -2.939569433827763e-01,  5.895702822384918e-02, -1.092845337704511e-02,  8.396380763906409e-01,  1.433668851355956e-01, -7.753662395918640e-02
  2.940000000000000e+00, -2.628107836284187e-01,  6.544644776253095e-02, -1.526651417882682e-02,  8.996001100399335e-01,  1.581106323335060e-01, -7.114186497704367e-02
  2.950000000000000e+00, -2.305862506204076e-01,  7.078043291492109e-02, -1.985886286958049e-02,  9.587609345681002e-01,  1.655235463062327e-01, -5.922247205776600e-02
  2.960000000000000e+00, -1.977674513206900e-01,  7.477230889595599e-02, -2.448327344690571e-02,  1.016209064960937e+00,  1.659453815075741e-01, -4.218816954821011e-02
  2.970000000000000e+00, -1.647178560580819e-01,  7.730310743844515e-02, -2.888664328432331e-02,  1.071127923973996e+00,  1.601875369589906e-01, -2.076504426851869e-02
  2.980000000000000e+00, -1.316928253152459e-01,  7.834254768945925e-02, -3.283206079479864e-02,  1.122801419758790e+00,  1.494033438517745e-01,  4.030024322181839e-03
  2.990000000000000e+00, -9.886519918021863e-02,  7.794912162860879e-02, -3.613205786903570e-02,  1.170619943768563e+00,  1.349071941058396e-01,  3.095488148958795e-02
  3.000000000000000e+00, -6.635715942820132e-02,  7.625665917722535e-02, -3.866175947675948e-02,  1.214085944841842e+00,  1.179925734384539e-01,  5.864795496263285e-02
  3.010000000000000e+00, -3.426468715470903e-02,  7.345537237337108e-02, -4.035594409124862e-02,  1.252815741842650e+00,  9.979354652436162e-02,  8.575936143830579e-02
  3.020000000000000e+00, -2.672223011929616e-03,  6.977110094454431e-02, -4.119945653133173e-02,  1.286533101778928e+00,  8.121211186423409e-02,  1.110785499287988e-01
  3.030000000000000e+00,  2.833824142222951e-02,  6.544532801636116e-02, -4.121592448521769e-02,  1.315053733275542e+00,  6.291006966021484e-02,  1.336334695011202e-01
  3.040000000000000e+00,  5.867632998998101e-02,  6.071724414772794e-02, -4.045274925884704e-02,  1.338263197915408e+00,  4.534678514531718e-02,  1.527531274690535e-01
  3.050000000000000e+00,  8.823309283852188e-02,  5.580737575164441e-02, -3.896517723205806e-02,  1.356094663586892e+00,  2.883444163064005e-02,  1.680977181580908e-01
  3.060000000000000e+00,  1.168946996987475e-01,  5.090583987190289e-02, -3.680420015082953e-02,  1.368515763635442e+00,  1.358536763430977e-02,  1.796568109372957e-01
  3.070000000000000e+00,  1.445485166971771e-01,  4.616125543472638e-02, -3.401695873922692e-02,  1.375518416949603e+00, -2.556434153506613e-04,  1.877299107492958e-01
  3.080000000000000e+00,  1.710954730096486e-01,  4.168023739384008e-02, -3.064377100994630e-02,  1.377114268341111e+00, -1.259426847336318e-02,  1.928750507742441e-01
  3.090000000000000e+00,  1.964389436985225e-01,  3.752940378249559e-02, -2.671697245233855e-02,  1.373329207243390e+00, -2.337588689295927e-02,  1.958401921948321e-01
  3.100000000000000e+00,  2.204718427192142e-01,  3.374088117855178e-02, -2.225899733430538e-02,  1.364200563218948e+00, -3.257851857413226e-02,  1.974788195641419e-01
  3.110000000000000e+00,  2.430702363270117e-01,  3.032247117579345e-02, -1.728229445057531e-02,  1.349777858313192e+00, -4.021032757605223e-02,  1.986581978424208e-01
  3.120000000000000e+00,  2.640962279630755e-01,  2.727121326065163e-02, -1.179235995218706e-02,  1.330126707170618e+00, -4.631140582544094e-02,  2.001710382248064e-01
  3.130000000000000e+00,  2.834055527508104e-01,  2.458530617005716e-02, -5.793182674494820e-03,  1.305333175655997e+00, -5.095194301761814e-02,  2.026577969284512e-01
  3.140000000000000e+00,  3.008527254747541e-01,  2.227084891721276e-02,  7.045263261355246e-04,  1.275506439763199e+00, -5.421961267161999e-02,  2.065426143851298e-01
  3.150000000000000e+00,  3.162987441423968e-01,  2.034363707074616e-02,  7.677193181996810e-03,  1.240781012653031e+00, -5.620253089404549e-02,  2.119883047040499e-01
  3.160000000000000e+00,  3.296202489276175e-01,  1.882452637560172e-02,  1.508651128651842e-02,  1.201318955793833e+00, -5.698145959521616e-02,  2.188824460744518e-01
  3.170000000000000e+00,  3.407170623276298e-01,  1.773091252347614e-02,  2.288191926645537e-02,  1.157312024793663e+00, -5.663559081850441e-02,  2.268581905208325e-01
  3.180000000000000e+00,  3.495171314176010e-01,  1.707076243196171e-02,  3.100646460365114e-02,  1.108985033295164e+00, -5.525119804074188e-02,  2.353446535934472e-01
  3.190000000000000e+00,  3.559744855633563e-01,  1.684095394383034e-02,  3.939996699819528e-02,  1.056602761064296e+00, -5.292040643873014e-02,  2.436332902798502e-01
  3.200000000000000e+00,  3.600509886978135e-01,  1.702495453465502e-02,  4.799305429403979e-02,  1.000480011990394e+00, -4.972882364284689e-02,  2.509491429940175e-01
  3.210000000000000e+00,  3.617348405879419e-01,  1.760494778517452e-02,  5.671013669472263e-02,  9.410007885581698e-01, -4.573669535621971e-02,  2.565235568694069e-01
  3.220000000000000e+00,  3.610245514680259e-01,  1.856207516208919e-02,  6.546857317373898e-02,  8.786326704058017e-01, -4.096408495816242e-02,  2.597021054231112e-01
  3.230000000000000e+00,  3.579531936239576e-01,  1.988834370292025e-02,  7.419183227601843e-02,  8.139483485691298e-01, -3.539156417133265e-02,  2.600521618278113e-01
  3.240000000000000e+00,  3.526022662523187e-01,  2.158737702495794e-02,  8.281191438672246e-02,  7.476496227000110e-01, -2.898073824191437e-02,  2.574448172777296e-01
  3.250000000000000e+00,  3.451307450701789e-01,  2.366802835676185e-02,  9.126569771866146e-02,  6.805975916207313e-01, -2.170840375778461e-02,  2.520829041637730e-01
  3.260000000000000e+00,  3.358048630224154e-01,  2.612895167960105e-02,  9.949777648906376e-02,  6.138362032585695e-01, -1.360886784002845e-02,  2.444765594959736e-01
  3.270000000000000e+00,  3.250167402978077e-01,  2.893651251920004e-02,  1.074815152848529e-01,  5.485926399601119e-01, -4.814927740648855e-03,  2.353700782524246e-01
  3.280000000000000e+00,  3.132758084154598e-01,  3.199763725114013e-02,  1.152547323971653e-01,  4.862403370763041e-01,  4.421661179302048e-03,  2.256242878622073e-01
  3.290000000000000e+00,  3.011650718653732e-01,  3.513235626936972e-02,  1.229519716665363e-01,  4.282170578114542e-01,  1.374639954018298e-02,  2.160793658850090e-01
  3.300000000000000e+00,  2.892699628712623e-01,  3.805598121937570e-02,  1.308062649035922e-01,  3.759035074480341e-01,  2.276220077062276e-02,  2.074476325030847e-01
  3.310000000000000e+00,  2.781015686416976e-01,  4.038370899553390e-02,  1.390949728383399e-01,  3.304834191350829e-01,  3.112537674494349e-02,  2.002877654878352e-01
  3.320000000000000e+00,  2.680374498362603e-01,  4.166925877767214e-02,  1.480381260192628e-01,  2.928173632472518e-01,  3.864533993793508e-02,  1.950661437415459e-01
  3.330000000000000e+00,  2.593008673541811e-01,  4.147696907461484e-02,  1.577058762034469e-01,  2.633691333314885e-01,  4.534031635991178e-02,  1.922293394598122e-01
  3.340000000000000e+00,  2.519784719862102e-01,  3.946481141661362e-02,  1.679899447088194e-01,  2.422012967184800e-01,  5.141790764988357e-02,  1.921938345815822e-01
  3.350000000000001e+00,  2.460549411645490e-01,  3.544864046683083e-02,  1.786323870687065e-01,  2.290140948004226e-01,  5.718105757519270e-02,  1.952467648548682e-01
  3.360000000000000e+00,  2.414379702666677e-01,  2.943088388051551e-02,  1.892638820847655e-01,  2.231888099283162e-01,  6.288290954958363e-02,  2.014345798071727e-01
  3.370000000000000e+00,  2.379632532947931e-01,  2.159116096504321e-02,  1.994290600932582e-01,  2.238255282918722e-01,  6.857292857997520e-02,  2.105084513577468e-01
  3.380000000000000e+00,  2.353863877779632e-01,  1.224408698505464e-02,  2.086234481908134e-01,  2.297928409753375e-01,  7.400915954612911e-02,  2.219366179875581e-01
  3.390000000000000e+00,  2.333772339041227e-01,  1.778738944010705e-03,  2.163715754390401e-01,  2.398050511060996e-01,  7.871279142812847e-02,  2.349579569090442e-01
  3.400000000000000e+00,  2.315328750925137e-01, -9.396798717435706e-03,  2.223376432600999e-01,  2.525238394472194e-01,  8.214258903414819e-02,  2.486657187284504e-01
  3.410000000000000e+00,  2.294142972570794e-01, -2.088937600776397e-02,  2.264239305320435e-01,  2.666634083017934e-01,  8.385744050109854e-02,  2.621324794404571e-01
  3.420000000000000e+00,  2.265953164758090e-01, -3.233914978179642e-02,  2.288054281035737e-01,  2.810725474240408e-01,  8.357288750739621e-02,  2.745578865994284e-01
  3.430000000000000e+00,  2.227061295862102e-01, -4.344092033277036e-02,  2.298756660638158e-01,  2.947813940322174e-01,  8.114434845575073e-02,  2.853812093078729e-01
  3.440000000000000e+00,  2.174595026425572e-01, -5.397577447043123e-02,  2.301259218861389e-01,  3.070198024445485e-01,  7.654991225759743e-02,  2.943159613700654e-01
  3.450000000000000e+00,  2.106573964532603e-01, -6.383948072056733e-02,  2.300168194481388e-01,  3.172200098086007e-01,  6.988919303429625e-02,  3.013067757989873e-01
  3.460000000000000e+00,  2.021842569931131e-01, -7.304594086058858e-02,  2.298955914960163e-01,  3.250092135937219e-01,  6.137894768482399e-02,  3.064465478925644e-01
  3.470000000000000e+00,  1.920435615455828e-01, -8.169757219903517e-02,  2.299702501882943e-01,  3.302009294944595e-01,  5.132606101861016e-02,  3.099051054070163e-01
  3.480000000000000e+00,  1.802668925895761e-01, -8.993609775048794e-02,  2.303194569009473e-01,  3.327483542060450e-01,  4.012625399525530e-02,  3.118902634777726e-01
  3.490000000000000e+00,  1.667952616511726e-01, -9.789099145904090e-02,  2.309103553981132e-01,  3.327121238085922e-01,  2.823685946761172e-02,  3.126235655680830e-01
