Main.Studies.MarkerTracking.t,Main.HumanModel.BodyModel.Interface.Left.HipFlexion.Pos,Main.HumanModel.BodyModel.Interface.Left.HipAbduction.Pos,Main.HumanModel.BodyModel.Interface.Left.HipExternalRotation.Pos,Main.HumanModel.BodyModel.Interface.Left.KneeFlexion.Pos,Main.HumanModel.BodyModel.Interface.Left.AnklePlantarFlexion.Pos,Main.HumanModel.BodyModel.Interface.Left.SubTalarEversion.Pos
  1.600000000000000e+00, -4.520032925036646e-01, -5.358722741316546e-02,  3.390125825777148e-02,  2.738590492228459e-01, -2.482006952929553e-01,  1.341017823072155e-01
  1.610000000000000e+00, -4.538095181193483e-01, -4.066992536102076e-02,  3.072828302735451e-02,  2.912840950771353e-01, -2.286103560563301e-01,  1.158164571395711e-01
  1.620000000000000e+00, -4.540190756560112e-01, -2.748658533106840e-02,  2.734176274879852e-02,  3.112011818146270e-01, -2.052530684870953e-01,  9.759371344446570e-02
  1.630000000000000e+00, -4.525200297004322e-01, -1.438451508927385e-02,  2.373159503092242e-02,  3.340589849746406e-01, -1.781801214141478e-01,  7.946404895836091e-02
  1.640000000000000e+00, -4.491454662639521e-01, -1.686118958129867e-03,  1.994528363678043e-02,  3.603281639204743e-01, -1.475892534338985e-01,  6.140321814159865e-02
  1.650000000000000e+00, -4.436599386065008e-01,  1.034294832793381e-02,  1.608252775308748e-02,  3.904665967571289e-01, -1.138631530419966e-01,  4.338778533388254e-02
  1.660000000000000e+00, -4.357667993196682e-01,  2.151931900723625e-02,  1.228198005840075e-02,  4.248724160982613e-01, -7.761093267924382e-02,  2.547294392968241e-02
  1.670000000000000e+00, -4.251460638160323e-01,  3.175433385248860e-02,  8.690516761799558e-03,  4.638236357393462e-01, -3.969965559884999e-02,  7.888562936814803e-03
  1.680000000000000e+00, -4.115154255410829e-01,  4.105022767142730e-02,  5.422602536710735e-03,  5.074142264058987e-01, -1.259483372160690e-03, -8.879869420977115e-03
  1.690000000000000e+00, -3.946997536602093e-01,  4.947901804857757e-02,  2.526359208405652e-03,  5.555011543342457e-01,  3.635791088038771e-02, -2.407029987093336e-02
  1.700000000000000e+00, -3.746905967354961e-01,  5.714677070051799e-02, -3.001899854392706e-05,  6.076765350474945e-01,  7.167893947474828e-02, -3.671177671849628e-02
  1.710000000000000e+00, -3.516754840757382e-01,  6.415333544916169e-02, -2.343934606806684e-03,  6.632765060527820e-01,  1.032470488389404e-01, -4.577047091691676e-02
  1.720000000000000e+00, -3.260223798350154e-01,  7.055907154799135e-02, -4.541407714872832e-03,  7.214308383863850e-01,  1.297604751409704e-01, -5.032187644364022e-02
  1.730000000000000e+00, -2.982212661763064e-01,  7.636550432945199e-02, -6.734279436196909e-03,  7.811430175015742e-01,  1.501843477989769e-01, -4.968990136837335e-02
  1.740000000000000e+00, -2.688036026224405e-01,  8.151473174538304e-02, -8.987067733364268e-03,  8.413775542112094e-01,  1.638447205127359e-01, -4.352882422513123e-02
  1.750000000000000e+00, -2.382669245780556e-01,  8.590894366505686e-02, -1.130162952643244e-02,  9.011300129708015e-01,  1.705135770501189e-01, -3.185870755232076e-02
  1.760000000000000e+00, -2.070247846139724e-01,  8.944189897212529e-02, -1.362238076930128e-02,  9.594679971311570e-01,  1.704608553142680e-01, -1.506839792912693e-02
  1.770000000000000e+00, -1.753886473331184e-01,  9.202716501846608e-02, -1.585774175408575e-02,  1.015549006365471e+00,  1.644275815286105e-01,  6.109949687962497e-03
  1.780000000000000e+00, -1.435775918172257e-01,  9.361381801721924e-02, -1.790307292133667e-02,  1.068628170935826e+00,  1.535019028827487e-01,  3.065346289569609e-02
  1.790000000000000e+00, -1.117427536592371e-01,  9.419133685159586e-02, -1.965296165882817e-02,  1.118064755797862e+00,  1.389347591397503e-01,  5.732547969793554e-02
  1.800000000000000e+00, -7.999337600766521e-02,  9.379123784812937e-02, -2.101023410284941e-02,  1.163330162717569e+00,  1.219571533825845e-01,  8.477552499323815e-02
  1.810000000000000e+00, -4.841724787034335e-02,  9.248490847768398e-02, -2.189879037184151e-02,  1.204012586042118e+00,  1.036458540216305e-01,  1.116554368671176e-01
  1.820000000000000e+00, -1.709863994102772e-02,  9.037536579720218e-02, -2.227087813613612e-02,  1.239810905530251e+00,  8.485500256718742e-02,  1.367374530344350e-01
  1.830000000000000e+00,  1.386962226863688e-02,  8.758534141360075e-02, -2.210046638545741e-02,  1.270518445777964e+00,  6.621003933542750e-02,  1.590170804601153e-01
  1.840000000000000e+00,  4.437771202740177e-02,  8.424512480669466e-02, -2.137253044792442e-02,  1.296001471708303e+00,  4.814705082629174e-02,  1.777872995249734e-01
  1.850000000000000e+00,  7.430498755429284e-02,  8.048477652870845e-02, -2.006961669341455e-02,  1.316179929006033e+00,  3.096865559884183e-02,  1.926714382444601e-01
  1.860000000000000e+00,  1.035139353152326e-01,  7.642315353720464e-02, -1.816742461497475e-02,  1.331008435621687e+00,  1.489221340524512e-02,  2.036256567782361e-01
  1.870000000000000e+00,  1.318566877248221e-01,  7.216301183672669e-02, -1.562992141539388e-02,  1.340465720861425e+00,  7.450416386041008e-05,  2.109122265016638e-01
  1.880000000000000e+00,  1.591799792823382e-01,  6.778817867852660e-02, -1.241674170285486e-02,  1.344549701070581e+00, -1.338053782950695e-02,  2.150556981930490e-01
  1.890000000000000e+00,  1.853468258698854e-01,  6.336752947420554e-02, -8.492035201310415e-03,  1.343278650889721e+00, -2.542055724387919e-02,  2.167728066429828e-01
  1.900000000000000e+00,  2.102460709632389e-01,  5.895926269804863e-02, -3.835349915861067e-03,  1.336690682083895e+00, -3.604176709528650e-02,  2.168890073992568e-01
  1.910000000000000e+00,  2.337927373331359e-01,  5.461728317712589e-02,  1.550949086980809e-03,  1.324842501715876e+00, -4.528240770072037e-02,  2.162490531531066e-01
  1.920000000000000e+00,  2.559234679134735e-01,  5.039872460745598e-02,  7.636677345352685e-03,  1.307807417281111e+00, -5.321025649418295e-02,  2.156316696143305e-01
  1.930000000000000e+00,  2.765900746619003e-01,  4.637047065401712e-02,  1.436312812634460e-02,  1.285671317846224e+00, -5.990384694870302e-02,  2.156756836119960e-01
  1.940000000000000e+00,  2.957532332387564e-01,  4.261237912308968e-02,  2.164986241378394e-02,  1.258527460336662e+00, -6.543319970602507e-02,  2.168252994887542e-01
  1.950000000000000e+00,  3.133716947586617e-01,  3.921270945045152e-02,  2.940380481684842e-02,  1.226471342894962e+00, -6.984585127163523e-02,  2.193061759556295e-01
  1.960000000000000e+00,  3.293997084951545e-01,  3.626113065520409e-02,  3.753158175011644e-02,  1.189598418733832e+00, -7.315850137805932e-02,  2.231186723897562e-01
  1.970000000000000e+00,  3.437752193539735e-01,  3.383691277392997e-02,  4.594388425912823e-02,  1.148004196429075e+00, -7.535800006676623e-02,  2.280620615242821e-01
  1.980000000000000e+00,  3.564201534504169e-01,  3.200373562874859e-02,  5.456322271999964e-02,  1.101790394357873e+00, -7.640588364946038e-02,  2.337691944026935e-01
  1.990000000000000e+00,  3.672388611578479e-01,  3.080522694233179e-02,  6.332546694850294e-02,  1.051075611806326e+00, -7.624214952716689e-02,  2.397652882040525e-01
  2.000000000000000e+00,  3.761227050475010e-01,  3.026662639742672e-02,  7.218944954734409e-02,  9.960082245691255e-01, -7.479058246676856e-02,  2.455267581403006e-01
  2.010000000000000e+00,  3.829464188056274e-01,  3.039852952650834e-02,  8.114432769351283e-02,  9.367830273751404e-01, -7.197308949280443e-02,  2.505306746653440e-01
  2.020000000000000e+00,  3.875710499736327e-01,  3.120518757699697e-02,  9.021034282183069e-02,  8.736695640507025e-01, -6.772594703629443e-02,  2.542747693850441e-01
  2.030000000000000e+00,  3.898567538444802e-01,  3.269289032784251e-02,  9.942922642299594e-02,  8.070559320278262e-01, -6.200999737599943e-02,  2.562807252309925e-01
  2.040000000000000e+00,  3.896917843053675e-01,  3.487563245432801e-02,  1.088469171468497e-01,  7.375072612982257e-01, -5.482095339116796e-02,  2.561107149622797e-01
  2.050000000000000e+00,  3.870354072364633e-01,  3.777536088411404e-02,  1.184957181272135e-01,  6.658334385360690e-01, -4.620971132593883e-02,  2.534097553846714e-01
  2.060000000000000e+00,  3.819740066171965e-01,  4.141548697871533e-02,  1.283831562794961e-01,  5.931570793587532e-01, -3.631686071052134e-02,  2.479604699833955e-01
  2.070000000000000e+00,  3.747834762272538e-01,  4.580364360574163e-02,  1.384966753040684e-01,  5.209600964889172e-01, -2.541939872236175e-02,  2.397274813590563e-01
  2.080000000000000e+00,  3.659738563162185e-01,  5.089711888975623e-02,  1.488255341853459e-01,  4.510706057656190e-01, -1.397584137994797e-02,  2.288755000847368e-01
  2.090000000000000e+00,  3.562718660997223e-01,  5.654965390719990e-02,  1.593789599580589e-01,  3.855447591068619e-01, -2.632853160946657e-03,  2.157739011587544e-01
  2.100000000000000e+00,  3.465150250973385e-01,  6.246024690459984e-02,  1.701528825997013e-01,  3.264277617933020e-01,  7.847815510742172e-03,  2.010369724518562e-01
  2.110000000000000e+00,  3.374840593150024e-01,  6.816740716369707e-02,  1.810245890226253e-01,  2.754514120285844e-01,  1.674365631672258e-02,  1.856228976506592e-01
  2.120000000000000e+00,  3.297552701361847e-01,  7.311921473923988e-02,  1.916494750499126e-01,  2.337947598495938e-01,  2.354740745124986e-02,  1.708971719343552e-01
  2.130000000000000e+00,  3.236453013314416e-01,  7.679034046837896e-02,  2.014771808942836e-01,  2.020093774207628e-01,  2.808898146670671e-02,  1.585049670590641e-01
  2.140000000000000e+00,  3.192506093783147e-01,  7.877773675167576e-02,  2.098968211100970e-01,  1.800923596036778e-01,  3.057333075812859e-02,  1.500416566531596e-01
  2.150000000000000e+00,  3.165240773829557e-01,  7.883623876078527e-02,  2.164050037962681e-01,  1.676063293999044e-01,  3.154940227094206e-02,  1.466934100292201e-01
  2.160000000000000e+00,  3.153337184154334e-01,  7.686806810070257e-02,  2.207145352844837e-01,  1.637727925339746e-01,  3.182535226592813e-02,  1.490056006047669e-01
  2.170000000000000e+00,  3.154862145094945e-01,  7.289832691036602e-02,  2.227947895820515e-01,  1.675329755518267e-01,  3.233134084373512e-02,  1.568141298073469e-01
  2.180000000000000e+00,  3.167230297292162e-01,  6.705519118403735e-02,  2.228431167631781e-01,  1.776012498559569e-01,  3.393814935658493e-02,  1.693231376111469e-01
  2.190000000000000e+00,  3.187024462113595e-01,  5.955546509587428e-02,  2.211839478492181e-01,  1.925352440413261e-01,  3.726456548674118e-02,  1.853069267151670e-01
  2.200000000000000e+00,  3.209876527672609e-01,  5.068895546668828e-02,  2.181565238406170e-01,  2.108388148545830e-01,  4.253511918356344e-02,  2.033631679951486e-01
  2.210000000000000e+00,  3.230662199123095e-01,  4.080016863990621e-02,  2.140927368891894e-01,  2.310873091422420e-01,  4.954535119778264e-02,  2.221132776619434e-01
  2.220000000000000e+00,  3.244055734054336e-01,  3.026620834675642e-02,  2.093710332948087e-01,  2.520234966850399e-01,  5.772531125938663e-02,  2.403477496541156e-01
  2.230000000000000e+00,  3.245208331777210e-01,  1.946072732781046e-02,  2.044224500771425e-01,  2.725856219950477e-01,  6.624433843614554e-02,  2.571903693093444e-01
  2.240000000000000e+00,  3.230334650726665e-01,  8.703624405968613e-03,  1.996619802453029e-01,  2.919009177126584e-01,  7.413690798930453e-02,  2.722210832934333e-01
  2.250000000000000e+00,  3.197108335601457e-01, -1.780855833121597e-03,  1.954285933967414e-01,  3.092972241748470e-01,  8.045510215301799e-02,  2.854162499266989e-01
  2.260000000000000e+00,  3.144733787267628e-01, -1.187870398395630e-02,  1.919679320437119e-01,  3.243261169624125e-01,  8.441894474400487e-02,  2.969408761584090e-01
  2.270000000000000e+00,  3.073622903994193e-01, -2.157460254850663e-02,  1.894306902122468e-01,  3.367561566150522e-01,  8.552336643309380e-02,  3.069694955651243e-01
  2.280000000000000e+00,  2.984841235721090e-01, -3.092153503698492e-02,  1.878735581574706e-01,  3.465253538711116e-01,  8.358696755765868e-02,  3.156254679543599e-01
  2.290000000000000e+00,  2.879617264456840e-01, -3.999846670155072e-02,  1.872673680595029e-01,  3.536789030918943e-01,  7.874062496239925e-02,  3.229928912444451e-01
  2.300000000000000e+00,  2.759104044818689e-01, -4.886801114325801e-02,  1.875098234244216e-01,  3.583198785126080e-01,  7.136013975538789e-02,  3.291333562313085e-01
  2.310000000000000e+00,  2.624381153831262e-01, -5.754811137137383e-02,  1.884367431782185e-01,  3.605818044013746e-01,  6.196831586957349e-02,  3.340926721262732e-01
  2.320000000000000e+00,  2.476551484211995e-01, -6.600431645616944e-02,  1.898335042059580e-01,  3.606187574739488e-01,  5.114061740876854e-02,  3.379121075185911e-01
  2.330000000000000e+00,  2.316793124684390e-01, -7.415895714767928e-02,  1.914512682515599e-01,  3.586052656187900e-01,  3.943329936470065e-02,  3.406443348585339e-01
  2.340000000000000e+00,  2.146324597779350e-01, -8.191008343550088e-02,  1.930296265753554e-01,  3.547370419570918e-01,  2.733746313772986e-02,  3.423640489129511e-01
  2.350000000000000e+00,  1.966333580375842e-01, -8.915513027421040e-02,  1.943237880207694e-01,  3.492248100192064e-01,  1.525641654318148e-02,  3.431714070283665e-01
  2.360000000000000e+00,  1.777937610581685e-01, -9.581382044552367e-02,  1.951304731578094e-01,  3.422811113678595e-01,  3.500013379811385e-03,  3.431871914080118e-01
  2.370000000000000e+00,  1.582198157660083e-01, -1.018422161388306e-01,  1.953066841893955e-01,  3.341077036994216e-01, -7.712859853342974e-03,  3.425357889537572e-01
  2.380000000000000e+00,  1.380154391050791e-01, -1.072342443050893e-01,  1.947790034391285e-01,  3.248896005300050e-01, -1.824781183682726e-02,  3.413206217582275e-01
  2.390000000000000e+00,  1.172841935953441e-01, -1.120133759815389e-01,  1.935412430163728e-01,  3.147959287276753e-01, -2.804406371769937e-02,  3.396070319192726e-01
  2.400000000000000e+00,  9.612632675554438e-02, -1.162206734824707e-01,  1.916398002043806e-01,  3.039837860330046e-01, -3.709875710105515e-02,  3.374235764816853e-01
  2.410000000000000e+00,  7.463438319739592e-02, -1.199028239071573e-01,  1.891496028415708e-01,  2.926031387885845e-01, -4.545062080234998e-02,  3.347800087326043e-01
  2.420000000000000e+00,  5.289367473073461e-02, -1.231019890245086e-01,  1.861477657685325e-01,  2.808023160136406e-01, -5.316722523744225e-02,  3.316913289413844e-01
  2.430000000000000e+00,  3.098566015152165e-02, -1.258505954882159e-01,  1.826938292921289e-01,  2.687309695590317e-01, -6.033514426170042e-02,  3.281993169599131e-01
  2.440000000000000e+00,  8.988985485217944e-03, -1.281723849207936e-01,  1.788218854019395e-01,  2.565380575214988e-01, -6.705082598725158e-02,  3.243882689946599e-01
  2.450000000000000e+00, -1.302061454458495e-02, -1.300871378234978e-01,  1.745440011995650e-01,  2.443674197940661e-01, -7.341250555800004e-02,  3.203911541552379e-01
  2.460000000000000e+00, -3.497023842862518e-02, -1.316138524064163e-01,  1.698612522114986e-01,  2.323543811253086e-01, -7.951636926481723e-02,  3.163814532844547e-01
  2.470000000000000e+00, -5.679153068465565e-02, -1.327715204313100e-01,  1.647790374204302e-01,  2.206223332215052e-01, -8.545588763279902e-02,  3.125512890807634e-01
  2.480000000000000e+00, -7.842366232880293e-02, -1.335785553145337e-01,  1.593208860073412e-01,  2.092791786011861e-01, -9.132163438374777e-02,  3.090849311444201e-01
  2.490000000000000e+00, -9.981258545940334e-02, -1.340525055357302e-01,  1.535334734345363e-01,  1.984167071287541e-01, -9.720041676321960e-02,  3.061383192321477e-01
  2.500000000000000e+00, -1.209022787982565e-01, -1.342102514525521e-01,  1.474819021676236e-01,  1.881159625887057e-01, -1.031754445358621e-01,  3.038275078003880e-01
  2.510000000000000e+00, -1.416213017425994e-01, -1.340691322005685e-01,  1.412429028750756e-01,  1.784563892151380e-01, -1.093274357440135e-01,  3.022216949981387e-01
  2.520000000000000e+00, -1.618749562542468e-01, -1.336500335178894e-01,  1.349020591886298e-01,  1.695226238854652e-01, -1.157338857993598e-01,  3.013380641072080e-01
  2.530000000000000e+00, -1.815454252134597e-01, -1.329823869503677e-01,  1.285526749442379e-01,  1.614064940940380e-01, -1.224656809587115e-01,  3.011420608296636e-01
  2.540000000000000e+00, -2.004936127982885e-01, -1.321101177721815e-01,  1.222912904247584e-01,  1.542057900893465e-01, -1.295823487341059e-01,  3.015577350529300e-01
  2.550000000000000e+00, -2.185641543877763e-01, -1.310957977131391e-01,  1.162092741785476e-01,  1.480202769035992e-01, -1.371274840987548e-01,  3.024848800996605e-01
  2.560000000000000e+00, -2.355989379864872e-01, -1.300195861709730e-01,  1.103838211533716e-01,  1.429448118822773e-01, -1.451258891653808e-01,  3.038142045747111e-01
  2.570000000000000e+00, -2.514563954209545e-01, -1.289729027111743e-01,  1.048714316937544e-01,  1.390605030343720e-01, -1.535826139730666e-01,  3.054360916245998e-01
  2.580000000000000e+00, -2.660307513930353e-01, -1.280487554721497e-01,  9.970509000111774e-02,  1.364253593538594e-01, -1.624829562898053e-01,  3.072429995289259e-01
  2.590000000000000e+00, -2.792663888592329e-01, -1.273327449333002e-01,  9.489487672126347e-02,  1.350660703702432e-01, -1.717929159305285e-01,  3.091261024526974e-01
  2.600000000000000e+00, -2.911716112295997e-01, -1.268914174802083e-01,  9.043249463204497e-02,  1.349720640533702e-01, -1.814615473846434e-01,  3.109681880335347e-01
  2.610000000000000e+00, -3.018280854347565e-01, -1.267674099521450e-01,  8.629725074888853e-02,  1.360913114756766e-01, -1.914228605644173e-01,  3.126369936937816e-01
  2.620000000000000e+00, -3.113979933997705e-01, -1.269764446525476e-01,  8.245817789133930e-02,  1.383297218950080e-01, -2.015958821961063e-01,  3.139837673475811e-01
  2.630000000000000e+00, -3.201199179414340e-01, -1.275073186356435e-01,  7.886942950850807e-02,  1.415569576304456e-01, -2.118829895232800e-01,  3.148475208655264e-01
  2.640000000000000e+00, -3.282895228262719e-01, -1.283242236919591e-01,  7.546245340584730e-02,  1.456193768768770e-01, -2.221680138866371e-01,  3.150628492123794e-01
  2.650000000000000e+00, -3.362297208195042e-01, -1.293708999048335e-01,  7.213953640030038e-02,  1.503575068507654e-01, -2.323151583085299e-01,  3.144695088129171e-01
  2.660000000000000e+00, -3.442623147330708e-01, -1.305700699010344e-01,  6.877219944439622e-02,  1.556219396527015e-01, -2.421693972488016e-01,  3.129267783648919e-01
  2.670000000000000e+00, -3.526684904683428e-01, -1.318263127996044e-01,  6.521705111434997e-02,  1.612926291955545e-01, -2.515635959991755e-01,  3.103105529312544e-01
  2.680000000000000e+00, -3.616534011539606e-01, -1.330176080161594e-01,  6.134444420740313e-02,  1.672931096904499e-01, -2.603265983335398e-01,  3.065102364675860e-01
  2.690000000000000e+00, -3.713061260360397e-01, -1.339865398932050e-01,  5.707866002664411e-02,  1.736057799426380e-01, -2.682941494849520e-01,  3.014137399421553e-01
  2.700000000000000e+00, -3.815690642510280e-01, -1.345339680740036e-01,  5.243374751385992e-02,  1.802839100291362e-01, -2.753180923963146e-01,  2.948948782389528e-01
  2.710000000000000e+00, -3.922333627215410e-01, -1.344264443535346e-01,  4.752639333555842e-02,  1.874530279817914e-01, -2.812675500952697e-01,  2.868153559041399e-01
  2.720000000000000e+00, -4.029749706584738e-01, -1.334220984628316e-01,  4.255398317345959e-02,  1.952939952114693e-01, -2.860171572925643e-01,  2.770483485133457e-01
  2.730000000000000e+00, -4.134232511520371e-01, -1.313062963727198e-01,  3.774484371506120e-02,  2.040109751317486e-01, -2.894258391056758e-01,  2.655143340491234e-01
  2.740000000000000e+00, -4.232330294008023e-01, -1.279202361206644e-01,  3.330377273877117e-02,  2.137983291427127e-01, -2.913164855926643e-01,  2.522083586002668e-01
  2.750000000000000e+00, -4.321325672953525e-01, -1.231716623100956e-01,  2.937577696548936e-02,  2.248206093380943e-01, -2.914656243056227e-01,  2.372030928034234e-01
  2.760000000000000e+00, -4.399382356212270e-01, -1.170306187272505e-01,  2.603490732822732e-02,  2.372110611467912e-01, -2.896046973203208e-01,  2.206290343595411e-01
  2.770000000000000e+00, -4.465442132913909e-01, -1.095203382110415e-01,  2.328707232614671e-02,  2.510839624243186e-01, -2.854274949049671e-01,  2.026513128265334e-01
  2.780000000000000e+00, -4.518912006194097e-01, -1.007116650730004e-01,  2.108736575829424e-02,  2.665605795215485e-01, -2.786024882909303e-01,  1.834327453881330e-01
  2.790000000000000e+00, -4.559438602951834e-01, -9.072043561060927e-02,  1.933770890445913e-02,  2.837834324080719e-01, -2.687817026637903e-01,  1.631572853917478e-01
  2.800000000000000e+00, -4.586581030116470e-01, -7.970990905277509e-02,  1.790690007262202e-02,  3.029384149172449e-01, -2.556202050403381e-01,  1.420162872919795e-01
  2.810000000000000e+00, -4.599614981070113e-01, -6.789345850611817e-02,  1.664612962903849e-02,  3.242645321842559e-01, -2.387998239235328e-01,  1.202117386479765e-01
  2.820000000000000e+00, -4.597417409534816e-01, -5.553225181512000e-02,  1.541298685245159e-02,  3.480571833502289e-01, -2.180628946951421e-01,  9.794137031203771e-02
  2.830000000000000e+00, -4.578440393691438e-01, -4.291934539348796e-02,  1.409309295609293e-02,  3.746607218738602e-01, -1.932566750704934e-01,  7.538503445285120e-02
  2.840000000000000e+00, -4.540667827814344e-01, -3.035021216070199e-02,  1.260962021689084e-02,  4.044489609553066e-01, -1.643877064024407e-01,  5.271799913743768e-02
  2.850000000000001e+00, -4.481483016586705e-01, -1.808765379026145e-02,  1.092379071038406e-02,  4.377956484844385e-01, -1.316840299573327e-01,  3.015654161864115e-02
  2.860000000000000e+00, -4.397606904520858e-01, -6.328935053161677e-03,  9.032289011834701e-03,  4.750349478366758e-01, -9.566044566494077e-02,  8.018578269064720e-03
  2.870000000000000e+00, -4.285365547234160e-01,  4.815823122756191e-03,  6.955416586103457e-03,  5.164081879306082e-01, -5.717481550141712e-02, -1.321861030008009e-02
  2.880000000000000e+00, -4.141360917030630e-01,  1.532312234677091e-02,  4.710165578232897e-03,  5.619986980848616e-01, -1.745100394910030e-02, -3.288362365717000e-02
  2.890000000000000e+00, -3.963366119862775e-01,  2.522823373313798e-02,  2.278955827070349e-03,  6.116695520538585e-01,  2.196615803029767e-02, -5.012896777698251e-02
  2.900000000000000e+00, -3.751113955250545e-01,  3.457739756144274e-02, -4.044708537742275e-04,  6.650261512201090e-01,  5.934396183989955e-02, -6.401839013152906e-02
  2.910000000000000e+00, -3.506656717954341e-01,  4.337816137019468e-02, -3.438329335463371e-03,  7.214197459571631e-01,  9.295808966891816e-02, -7.365939001273364e-02
  2.920000000000000e+00, -3.234126538008651e-01,  5.156748604744488e-02, -6.910094474337914e-03,  7.799958549952122e-01,  1.212907029659288e-01, -7.833051716136584e-02
  2.930000000000000e+00, -2.939110503025703e-01,  5.900624529141774e-02, -1.084930482289863e-02,  8.397722446008988e-01,  1.431838269472817e-01, -7.756068657749057e-02
  2.940000000000000e+00, -2.627628068148380e-01,  6.550126251058686e-02, -1.519548245724373e-02,  8.997314059021061e-01,  1.579342298722616e-01, -7.116207462391645e-02
  2.950000000000000e+00, -2.305387646023761e-01,  7.084025522410387e-02, -1.979595597621763e-02,  9.588883017883254e-01,  1.653534853913813e-01, -5.923837692905529e-02
  2.960000000000000e+00, -1.977196258970092e-01,  7.483698790708826e-02, -2.442775158652313e-02,  1.016332651983612e+00,  1.657806698007448e-01, -4.220022172639487e-02
  2.970000000000000e+00, -1.646705262163882e-01,  7.737226500797045e-02, -2.883804903867079e-02,  1.071247541586039e+00,  1.600274455852603e-01, -2.077335617442171e-02
  2.980000000000000e+00, -1.316467467158939e-01,  7.841581407864173e-02, -3.278995548078876e-02,  1.122917034328142e+00,  1.492471762790691e-01,  4.025252172620957e-03
  2.990000000000000e+00, -9.882104016738623e-02,  7.802613482734477e-02, -3.609604535877364e-02,  1.170731644745145e+00,  1.347543263352101e-01,  3.095335650714573e-02
  3.000000000000000e+00, -6.631550241811204e-02,  7.633706359827919e-02, -3.863149437152093e-02,  1.214193914184579e+00,  1.178424648419493e-01,  5.864930375831577e-02
  3.010000000000000e+00, -3.422603555213832e-02,  7.353881779472626e-02, -4.033112975285946e-02,  1.252920227592691e+00,  9.964573065532922e-02,  8.576315563913967e-02
  3.020000000000000e+00, -2.637009282392260e-03,  6.985724158663298e-02, -4.117983729091149e-02,  1.286634396983386e+00,  8.106617847398977e-02,  1.110843387229921e-01
  3.030000000000000e+00,  2.836964959109880e-02,  6.553382184827750e-02, -4.120127494809802e-02,  1.315152160640704e+00,  6.276564658280138e-02,  1.336408100893473e-01
  3.040000000000000e+00,  5.870362527518437e-02,  6.080775263359151e-02, -4.044286244260598e-02,  1.338359099575544e+00,  4.520352460771382e-02,  1.527616082929133e-01
  3.050000000000000e+00,  8.825601502143739e-02,  5.589956789781270e-02, -3.895986005405964e-02,  1.356188393665744e+00,  2.869200833355636e-02,  1.681069850203060e-01
  3.060000000000000e+00,  1.169130652439092e-01,  5.099937901452800e-02, -3.680324221077257e-02,  1.368607688022433e+00,  1.344344517537920e-02,  1.796665425428449e-01
  3.070000000000000e+00,  1.445621916253514e-01,  4.625581236155552e-02, -3.402014465379639e-02,  1.375608907983735e+00, -3.973645852322809e-04,  1.877398538926337e-01
  3.080000000000000e+00,  1.711043856777070e-01,  4.177548558571376e-02, -3.065086810316784e-02,  1.377203704714627e+00, -1.273608875399484e-02,  1.928850079374268e-01
  3.090000000000000e+00,  1.964430840049475e-01,  3.762501970321219e-02, -2.672772594269748e-02,  1.373417972212646e+00, -2.351809876861661e-02,  1.958500162432592e-01
  3.100000000000000e+00,  2.204712582358394e-01,  3.383654462454433e-02, -2.227312579722408e-02,  1.364289041846798e+00, -3.272140839241773e-02,  1.974884059555319e-01
  3.110000000000000e+00,  2.430650284713248e-01,  3.041786630835253e-02, -1.729948592933106e-02,  1.349866434315559e+00, -4.035417828760701e-02,  1.986674753722630e-01
  3.120000000000000e+00,  2.640866902583547e-01,  2.736607190055129e-02, -1.181218313851520e-02,  1.330215779950376e+00, -4.645649509625505e-02,  2.001798823697911e-01
  3.130000000000000e+00,  2.833916012319593e-01,  2.467924824158940e-02, -5.815433475403197e-03,  1.305423078613414e+00, -5.109857047112357e-02,  2.026663253009264e-01
  3.140000000000000e+00,  3.008347582611463e-01,  2.236363618083814e-02,  6.803435887270901e-04,  1.275597558975889e+00, -5.436807189935883e-02,  2.065507113252281e-01
  3.150000000000000e+00,  3.162770546565459e-01,  2.043500988325153e-02,  7.651516609264171e-03,  1.240873701883295e+00, -5.635313466612272e-02,  2.119959153579051e-01
  3.160000000000000e+00,  3.295951728466447e-01,  1.891425015404757e-02,  1.505980546525898e-02,  1.201413555008939e+00, -5.713453943618494e-02,  2.188894825278529e-01
  3.170000000000000e+00,  3.406889454758423e-01,  1.781877068522553e-02,  2.285467204447092e-02,  1.157408852004337e+00, -5.679149754468185e-02,  2.268645207196787e-01
  3.180000000000000e+00,  3.494863387136679e-01,  1.715655498773150e-02,  3.097918562462170e-02,  1.109084381116289e+00, -5.541030322262681e-02,  2.353500869722858e-01
  3.190000000000000e+00,  3.559414000508663e-01,  1.692449050972478e-02,  3.937319647069579e-02,  1.056704884814819e+00, -5.308309154968050e-02,  2.436375616251557e-01
  3.200000000000000e+00,  3.600158931896046e-01,  1.710600335169121e-02,  4.796732531288339e-02,  1.000585102387004e+00, -4.989548345994433e-02,  2.509519419300044e-01
  3.210000000000000e+00,  3.616980345279127e-01,  1.768325962387740e-02,  5.668602968128886e-02,  9.411089527553602e-01, -4.590769061744056e-02,  2.565244773120127e-01
  3.220000000000000e+00,  3.609862200963446e-01,  1.863732337381507e-02,  6.544666694160187e-02,  8.787438833221555e-01, -4.113972660553387e-02,  2.597006946248424e-01
  3.230000000000000e+00,  3.579134045756259e-01,  1.996010936120185e-02,  7.417269292010135e-02,  8.140624005958883e-01, -3.557206222745266e-02,  2.600479460946133e-01
  3.240000000000000e+00,  3.525609152840449e-01,  2.165512312433759e-02,  8.279603636178461e-02,  7.477660535203957e-01, -2.916614682049931e-02,  2.574373769940447e-01
  3.250000000000000e+00,  3.450875162079412e-01,  2.373109288532760e-02,  9.125340800109639e-02,  6.807156221373228e-01, -2.189855557964664e-02,  2.520719989046605e-01
  3.260000000000000e+00,  3.357592160129745e-01,  2.618657120404100e-02,  9.948908521094318e-02,  6.139546884032616e-01, -1.380331837425035e-02,  2.444623173652358e-01
  3.270000000000000e+00,  3.249679119485454e-01,  2.898788552452380e-02,  1.074759351702085e-01,  5.487100636150397e-01, -5.012926149562884e-03,  2.353532374787140e-01
  3.280000000000000e+00,  3.132228820149117e-01,  3.204204283847956e-02,  1.152511265834880e-01,  4.863548949415181e-01,  4.221137958623084e-03,  2.256064176479710e-01
  3.290000000000000e+00,  3.011071092388475e-01,  3.516931015097491e-02,  1.229485463158149e-01,  4.283268547055672e-01,  1.354453149547961e-02,  2.160629192616011e-01
  3.300000000000000e+00,  2.892061929041157e-01,  3.808537954342972e-02,  1.308008231780125e-01,  3.760068672946525e-01,  2.256013479252234e-02,  2.074356591932810e-01
  3.310000000000000e+00,  2.780315715448995e-01,  4.040588319129346e-02,  1.390854372906001e-01,  3.305792353868111e-01,  3.092401759075108e-02,  2.002832490102788e-01
  3.320000000000000e+00,  2.679612947671940e-01,  4.168489283757393e-02,  1.480231287768832e-01,  2.929053642995736e-01,  3.844519346367663e-02,  1.950712002109709e-01
  3.330000000000000e+00,  2.592191261263899e-01,  4.148690925826326e-02,  1.576851242359720e-01,  2.634499348979558e-01,  4.514145888317386e-02,  1.922446876619246e-01
  3.340000000000000e+00,  2.518921332742109e-01,  3.946987162787829e-02,  1.679642025140571e-01,  2.422762331440695e-01,  5.122007917545590e-02,  1.922187736245025e-01
  3.350000000000001e+00,  2.459652806939356e-01,  3.544949086536997e-02,  1.786031657147575e-01,  2.290849254079759e-01,  5.698382277172635e-02,  1.952795654799161e-01
  3.360000000000000e+00,  2.413464270640090e-01,  2.942803788512083e-02,  1.892330289150050e-01,  2.232574117607554e-01,  6.268581905544489e-02,  2.014730361094721e-01
  3.370000000000000e+00,  2.378713278907306e-01,  2.158501964745496e-02,  1.993983922277878e-01,  2.238936380514510e-01,  6.837563846789865e-02,  2.105503935787768e-01
  3.380000000000000e+00,  2.352955583057084e-01,  1.223498921775956e-02,  2.085944940904101e-01,  2.298618693945061e-01,  7.381149403668523e-02,  2.219802834386624e-01
  3.390000000000000e+00,  2.332888879412694e-01,  1.766985868231652e-03,  2.163454464878045e-01,  2.398759809257433e-01,  7.851475182146568e-02,  2.350021713651284e-01
  3.400000000000000e+00,  2.314482631057017e-01, -9.410947549725934e-03,  2.223150290767300e-01,  2.525972107214037e-01,  8.194432221441167e-02,  2.487098902243930e-01
  3.410000000000000e+00,  2.293345111914639e-01, -2.090571904969574e-02,  2.264051785000355e-01,  2.667393764864727e-01,  8.365918408032638e-02,  2.621764680372918e-01
  3.420000000000000e+00,  2.265212848006340e-01, -3.235755743894453e-02,  2.287906499500339e-01,  2.811509814129016e-01,  8.337490822779060e-02,  2.746018414841969e-01
  3.430000000000000e+00,  2.226386130390923e-01, -4.346134242021638e-02,  2.298648284823869e-01,  2.948619792255070e-01,  8.094688827324004e-02,  2.854254353945110e-01
  3.440000000000000e+00,  2.173990797636262e-01, -5.399824343380089e-02,  2.301189068188457e-01,  3.071021263105569e-01,  7.635315185741393e-02,  2.943608295094993e-01
  3.450000000000000e+00,  2.106044386053224e-01, -6.386411055669861e-02,  2.300134586986494e-01,  3.173036219802095e-01,  6.969323563321020e-02,  3.013526636370079e-01
  3.460000000000000e+00,  2.021389020522443e-01, -7.307291869375709e-02,  2.298956835575263e-01,  3.250936615542382e-01,  6.118382062543471e-02,  3.064937995622904e-01
  3.470000000000000e+00,  1.920051490258549e-01, -8.172712562996742e-02,  2.299735467369193e-01,  3.302857435890536e-01,  5.113177990166461e-02,  3.099540211026712e-01
  3.480000000000000e+00,  1.802350316592398e-01, -8.996846243594137e-02,  2.303256590474763e-01,  3.328331239836377e-01,  3.993273778721750e-02,  3.119411128957801e-01
  3.490000000000000e+00,  1.667698612768201e-01, -9.792647605413940e-02,  2.309191849816525e-01,  3.327964458987753e-01,  2.804400032085812e-02,  3.126765002257571e-01
