Main.Studies.MarkerTracking.t,Main.HumanModel.BodyModel.Interface.Right.RotVectorMeasures.ThoraxClavicula.Pos[0],Main.HumanModel.BodyModel.Interface.Right.RotVectorMeasures.ThoraxClavicula.Pos[1],Main.HumanModel.BodyModel.Interface.Right.RotVectorMeasures.ThoraxClavicula.Pos[2],Main.HumanModel.BodyModel.Interface.Right.RotVectorMeasures.ClaviculaScapula.Pos[0],Main.HumanModel.BodyModel.Interface.Right.RotVectorMeasures.ClaviculaScapula.Pos[1],Main.HumanModel.BodyModel.Interface.Right.RotVectorMeasures.ClaviculaScapula.Pos[2],Main.HumanModel.BodyModel.Interface.Right.RotVectorMeasures.ScapulaHumerus.Pos[0],Main.HumanModel.BodyModel.Interface.Right.RotVectorMeasures.ScapulaHumerus.Pos[1],Main.HumanModel.BodyModel.Interface.Right.RotVectorMeasures.ScapulaHumerus.Pos[2],Main.HumanModel.BodyModel.Interface.Right.ElbowFlexion.Pos,Main.HumanModel.BodyModel.Interface.Right.ElbowPronation.Pos,Main.HumanModel.BodyModel.Interface.Right.WristFlexion.Pos,Main.HumanModel.BodyModel.Interface.Right.WristAbduction.Pos
  1.600000000000000e+00, -6.078615554202090e-02, -1.875880703756215e+00,  1.627134904880805e-01,  1.662592141497357e-01,  7.457773805959652e-01,  1.961427483166007e-01, -2.589924762455745e-01,  5.282915488642620e-01, -3.820258912515900e-01,  5.415089931176157e-01,  7.089072993714596e-01, -2.808248067751329e-01,  1.764335322089791e-02
  1.610000000000000e+00, -6.189592034712360e-02, -1.874444603747891e+00,  1.640283165346249e-01,  1.665776354289467e-01,  7.456902463771535e-01,  1.961757924613780e-01, -2.574596965000436e-01,  5.311240684099853e-01, -3.782003486495602e-01,  5.346172986070613e-01,  7.114348584806085e-01, -2.857256056907187e-01,  1.720073091772725e-02
  1.620000000000000e+00, -6.345519952172080e-02, -1.872803146408116e+00,  1.659102112603746e-01,  1.670709557739022e-01,  7.455322742725590e-01,  1.962413697929062e-01, -2.564094779726037e-01,  5.339388324640476e-01, -3.739172664121148e-01,  5.275701934401463e-01,  7.146431873568178e-01, -2.906391790605438e-01,  1.675171409266564e-02
  1.630000000000000e+00, -6.545751446965685e-02, -1.871015636954268e+00,  1.683624446213183e-01,  1.677471133024382e-01,  7.452995260846752e-01,  1.963413125683052e-01, -2.559627240687620e-01,  5.366836862447836e-01, -3.691901869617907e-01,  5.205560510358545e-01,  7.184585472469078e-01, -2.955228571025583e-01,  1.630525345898943e-02
  1.640000000000000e+00, -6.787263588235312e-02, -1.869154857764229e+00,  1.713598153415239e-01,  1.686062198994852e-01,  7.449918297063063e-01,  1.964755705188202e-01, -2.562125499889270e-01,  5.392941067442792e-01, -3.640576316907056e-01,  5.138249016355512e-01,  7.227654187960725e-01, -3.002968659146321e-01,  1.586966255672473e-02
  1.650000000000000e+00, -7.064745551713003e-02, -1.867295129219419e+00,  1.748476524872207e-01,  1.696389457064426e-01,  7.446137023492867e-01,  1.966417567403126e-01, -2.572112380454031e-01,  5.416996823831092e-01, -3.585861530903665e-01,  5.076811608896550e-01,  7.274269669739071e-01, -3.048434285459505e-01,  1.545563180394348e-02
  1.660000000000000e+00, -7.371322388496127e-02, -1.865501281733372e+00,  1.787490522512384e-01,  1.708276407950859e-01,  7.441738357005976e-01,  1.968354233091776e-01, -2.589675926520003e-01,  5.438271868210448e-01, -3.528664834818669e-01,  5.024626375591115e-01,  7.322978306133449e-01, -3.090156779164919e-01,  1.507585669026961e-02
  1.670000000000000e+00, -7.699912785870966e-02, -1.863823269681004e+00,  1.829812228497219e-01,  1.721510991205161e-01,  7.436827611586858e-01,  1.970512293134296e-01, -2.614545747760632e-01,  5.456004583058652e-01, -3.470026490286306e-01,  4.985078916369193e-01,  7.372426030629979e-01, -3.126495602083383e-01,  1.474418323672894e-02
  1.680000000000000e+00, -8.044733743562291e-02, -1.862294807005796e+00,  1.874749660126957e-01,  1.735909881017461e-01,  7.431499067013054e-01,  1.972843588010311e-01, -2.646217375416443e-01,  5.469401026078571e-01, -3.410983902291245e-01,  4.961216222111562e-01,  7.421512477542317e-01, -3.155749283163320e-01,  1.447579573097439e-02
  1.690000000000000e+00, -8.402261134133396e-02, -1.860934960335747e+00,  1.921881608108565e-01,  1.751367746646782e-01,  7.425815625682497e-01,  1.975314498899122e-01, -2.684045251507245e-01,  5.477658961424289e-01, -3.352457741884691e-01,  4.955461196115329e-01,  7.469545928660465e-01, -3.176260462149276e-01,  1.428726736215733e-02
  1.700000000000000e+00, -8.771206605337808e-02, -1.859754367601450e+00,  1.971069496775325e-01,  1.767869951044727e-01,  7.419804447163795e-01,  1.977907612992938e-01, -2.727266368411906e-01,  5.479997894547328e-01, -3.295166832562812e-01,  4.969417506386640e-01,  7.516361903814557e-01, -3.186554720658703e-01,  1.419466209830154e-02
  1.710000000000000e+00, -9.151630818704203e-02, -1.858763234191135e+00,  2.022352417069359e-01,  1.785465882005121e-01,  7.413468049358322e-01,  1.980616447345247e-01, -2.774974618596645e-01,  5.475689091622383e-01, -3.239553792963786e-01,  5.003761035105428e-01,  7.562310607397843e-01, -3.185537109149581e-01,  1.421083781323295e-02
  1.720000000000000e+00, -9.543688832751247e-02, -1.857976528202912e+00,  2.075783795487581e-01,  1.804217064969919e-01,  7.406804491540891e-01,  1.983436391983652e-01, -2.826088483044993e-01,  5.464089944903581e-01, -3.185733861009131e-01,  5.058225451152366e-01,  7.608098878297712e-01, -3.172730254677743e-01,  1.434490665803073e-02
  1.730000000000000e+00, -9.946477204526899e-02, -1.857415809475211e+00,  2.131271519992659e-01,  1.824140294957187e-01,  7.399827472959998e-01,  1.986356246256468e-01, -2.879340120259394e-01,  5.444673288038919e-01, -3.133498016325200e-01,  5.131699791363211e-01,  7.654628886844327e-01, -3.148528622745992e-01,  1.460331183725806e-02
  1.740000000000000e+00, -1.035726006125808e-01, -1.857108852213930e+00,  2.188461624332091e-01,  1.845161201237712e-01,  7.392579857636360e-01,  1.989353284640791e-01, -2.933281727663208e-01,  5.417071743576337e-01, -3.082374422946858e-01,  5.222437897865899e-01,  7.703025369341931e-01, -3.114291928588793e-01,  1.499031004084374e-02
  1.750000000000000e+00, -1.077135738695068e-01, -1.857084435142326e+00,  2.246708226927513e-01,  1.867092344875227e-01,  7.385137875814134e-01,  1.992392494206528e-01, -2.986328560406264e-01,  5.381180510325941e-01, -3.031719994412518e-01,  5.328337124888373e-01,  7.754779685892668e-01, -3.072022887245645e-01,  1.550816391101024e-02
  1.760000000000000e+00, -1.118289288343513e-01, -1.857361248709657e+00,  2.305164950356595e-01,  1.889650338416183e-01,  7.377604069496342e-01,  1.995430040970119e-01, -3.036894199478883e-01,  5.337274033803261e-01, -2.980802403797674e-01,  5.447216447913161e-01,  7.811593522261179e-01, -3.023723626942776e-01,  1.615640924790502e-02
  1.770000000000000e+00, -1.158605028402338e-01, -1.857940631569220e+00,  2.362959147310229e-01,  1.912510467407425e-01,  7.370088520830838e-01,  1.998421167422093e-01, -3.083611333351823e-01,  5.285969308367013e-01, -2.928865099311783e-01,  5.577075401714461e-01,  7.874417383166339e-01, -2.970827189690790e-01,  1.692800864705460e-02
  1.780000000000000e+00, -1.197635189263927e-01, -1.858801804890277e+00,  2.419381437890587e-01,  1.935374270270374e-01,  7.362689396504921e-01,  2.001327376807529e-01, -3.125459963323421e-01,  5.228273118558294e-01, -2.875184462582646e-01,  5.716076462230133e-01,  7.943900306190272e-01, -2.914155499042619e-01,  1.781644052254531e-02
  1.790000000000000e+00, -1.235098363251514e-01, -1.859919376813666e+00,  2.473949397279599e-01,  1.958015425551402e-01,  7.355474082100928e-01,  2.004124465407787e-01, -3.161890115370135e-01,  5.165144137369547e-01, -2.819179169478496e-01,  5.862811161342162e-01,  8.018528037990931e-01, -2.854015562576662e-01,  1.880476149249907e-02
  1.800000000000000e+00, -1.270905504426690e-01, -1.861264692157708e+00,  2.526457180343666e-01,  1.980305934488031e-01,  7.348475990935743e-01,  2.006802326928144e-01, -3.192752018841195e-01,  5.097585002864893e-01, -2.760441736501830e-01,  6.016073314533202e-01,  8.096408900593576e-01, -2.790689569952811e-01,  1.987198878862194e-02
  1.810000000000000e+00, -1.305147492918293e-01, -1.862811080735320e+00,  2.576968406200100e-01,  2.002224641304760e-01,  7.341695262319451e-01,  2.009363627514079e-01, -3.218300492599463e-01,  5.026521103844738e-01, -2.698737934382475e-01,  6.174905464866847e-01,  8.174907016263884e-01, -2.724439758236519e-01,  2.098244227383542e-02
  1.820000000000000e+00, -1.338064278589432e-01, -1.864529618881730e+00,  2.625777770140901e-01,  2.023842701667833e-01,  7.335109683063319e-01,  2.011818025802889e-01, -3.239151812975294e-01,  4.952830843767395e-01, -2.633999092902033e-01,  6.338618124681592e-01,  8.250515004050712e-01, -2.655292617674130e-01,  2.208390702959086e-02
  1.830000000000000e+00, -1.369988886023762e-01, -1.866376222334397e+00,  2.673332877973462e-01,  2.045282048745102e-01,  7.328695167116487e-01,  2.014172713055532e-01, -3.256137925759456e-01,  4.877525856787800e-01, -2.566337420976024e-01,  6.506672776967848e-01,  8.319851672122397e-01, -2.583129310374426e-01,  2.312379883050927e-02
  1.840000000000000e+00, -1.401223513490630e-01, -1.868304164699830e+00,  2.720052917171092e-01,  2.066655738744973e-01,  7.322436143966394e-01,  2.016430299776904e-01, -3.270093061272208e-01,  4.801569289819123e-01, -2.496093364837538e-01,  6.678706020387561e-01,  8.379677837730984e-01, -2.508024671940940e-01,  2.405883790255588e-02
  1.850000000000000e+00, -1.432029803596172e-01, -1.870243942286338e+00,  2.766312786538303e-01,  2.088038906080206e-01,  7.316341194660454e-01,  2.018581685044254e-01, -3.281704825140454e-01,  4.726193437537302e-01, -2.423784144643464e-01,  6.854231246511246e-01,  8.429330444467573e-01, -2.430639129362135e-01,  2.487621333190542e-02
  1.860000000000000e+00, -1.462532873973218e-01, -1.872132742083365e+00,  2.812296767371811e-01,  2.109437165888280e-01,  7.310434459238606e-01,  2.020613361277583e-01, -3.291436096815901e-01,  4.652468722748466e-01, -2.350078284506496e-01,  7.032847453284157e-01,  8.469007946514334e-01, -2.351989806746853e-01,  2.557918737511009e-02
  1.870000000000000e+00, -1.492761632321822e-01, -1.873904807449679e+00,  2.858054412732346e-01,  2.130796572627168e-01,  7.304755124914861e-01,  2.022507147712298e-01, -3.299565302690037e-01,  4.581399671479390e-01, -2.275669525716945e-01,  7.214091619276355e-01,  8.500234382489472e-01, -2.273257355863332e-01,  2.618774723211331e-02
  1.880000000000000e+00, -1.522636931986667e-01, -1.875524333700121e+00,  2.903474752805804e-01,  2.152025922519412e-01,  7.299334707252281e-01,  2.024251966451562e-01, -3.306201787339402e-01,  4.513575085285935e-01, -2.201200997723456e-01,  7.397486998970468e-01,  8.524695104337089e-01, -2.195664999695941e-01,  2.672847395239103e-02
  1.890000000000000e+00, -1.552044391357968e-01, -1.876977047779811e+00,  2.948390900820789e-01,  2.173030883043087e-01,  7.294192717971879e-01,  2.025843992456159e-01, -3.311385625685020e-01,  4.449263960600994e-01, -2.127200398740775e-01,  7.582499715446305e-01,  8.544251962629666e-01, -2.120277893669371e-01,  2.723253898510406e-02
  1.900000000000000e+00, -1.580855952807106e-01, -1.878273768145761e+00,  2.992607960468405e-01,  2.193729915976182e-01,  7.289331857191066e-01,  2.027288265971624e-01, -3.315120791961990e-01,  4.388399575877510e-01, -2.054089971196102e-01,  7.768613730769433e-01,  8.560494173440382e-01, -2.047914042798984e-01,  2.772829521328378e-02
  1.910000000000000e+00, -1.608957585001204e-01, -1.879443478344417e+00,  3.035943261986891e-01,  2.214064749220991e-01,  7.284739913986600e-01,  2.028596788187174e-01, -3.317392146451649e-01,  4.330669440919489e-01, -1.982209253044472e-01,  7.955339121426214e-01,  8.574835965839853e-01, -1.979219175919134e-01,  2.823781412842752e-02
  1.920000000000000e+00, -1.636285051591748e-01, -1.880523691441291e+00,  3.078282616833828e-01,  2.234015511882772e-01,  7.280392417409365e-01,  2.029785921640072e-01, -3.318200707432909e-01,  4.275621757203130e-01, -1.911849818891325e-01,  8.142203880545550e-01,  8.588589119388587e-01, -1.914700164068248e-01,  2.877512481638635e-02
  1.930000000000000e+00, -1.662851668080206e-01, -1.881551016701784e+00,  3.119627481867556e-01,  2.253612738933755e-01,  7.276256199926187e-01,  2.030873517032366e-01, -3.317609440708253e-01,  4.222762346813114e-01, -1.843304326830502e-01,  8.328756099202276e-01,  8.602805746140062e-01, -1.854671075214895e-01,  2.934556206146540e-02
  1.940000000000000e+00, -1.688740320218532e-01, -1.882552565020558e+00,  3.160088382224098e-01,  2.272926548231810e-01,  7.272296862694297e-01,  2.031875343561342e-01, -3.315753061228154e-01,  4.171635689348703e-01, -1.776904839754112e-01,  8.514563734422634e-01,  8.618045573270146e-01, -1.799223313562797e-01,  2.994691568966896e-02
  1.950000000000000e+00, -1.714060011866239e-01, -1.883545157158772e+00,  3.199820375867813e-01,  2.292037835096752e-01,  7.268485088824100e-01,  2.032803398950535e-01, -3.312801414563254e-01,  4.121845476725286e-01, -1.713027178183608e-01,  8.699205740749852e-01,  8.634114557998099e-01, -1.748266753037346e-01,  3.057192650767375e-02
  1.960000000000000e+00, -1.738893990848980e-01, -1.884522053579665e+00,  3.238947630839962e-01,  2.310988838531984e-01,  7.264811309280226e-01,  2.033660828958004e-01, -3.308908473575445e-01,  4.073158164051144e-01, -1.652056176880198e-01,  8.882267916013181e-01,  8.650226662080552e-01, -1.701468222940206e-01,  3.121005985059051e-02
  1.970000000000000e+00, -1.763266517600381e-01, -1.885453684859712e+00,  3.277512143217696e-01,  2.329759082889023e-01,  7.261288054800971e-01,  2.034442254058875e-01, -3.304183318217255e-01,  4.025523167722679e-01, -1.594342051390031e-01,  9.063340314987571e-01,  8.665102819321319e-01, -1.658123743565028e-01,  3.184849339689998e-02
  1.980000000000000e+00, -1.787113726661482e-01, -1.886306308939606e+00,  3.315419917441016e-01,  2.348260072656534e-01,  7.257940238757888e-01,  2.035139714871718e-01, -3.298643657297726e-01,  3.978996244759780e-01, -1.540187891764040e-01,  9.242021903052828e-01,  8.677153448227388e-01, -1.617151754961519e-01,  3.247115768473355e-02
  1.990000000000000e+00, -1.810311728700461e-01, -1.887032401847540e+00,  3.352487873049126e-01,  2.366343778825361e-01,  7.254806811573800e-01,  2.035741203926695e-01, -3.292252782110373e-01,  3.933767736807030e-01, -1.489802030660624e-01,  9.417829042001425e-01,  8.685021693191876e-01, -1.577283686274307e-01,  3.306582532280334e-02
  2.000000000000000e+00, -1.832685529041398e-01, -1.887582145946392e+00,  3.388452431427754e-01,  2.383818509853296e-01,  7.251931762199062e-01,  2.036234748914935e-01, -3.284906332467374e-01,  3.890043164527289e-01, -1.443329279226425e-01,  9.590150048889756e-01,  8.688072668310814e-01, -1.537542094562869e-01,  3.362839787355893e-02
  2.010000000000000e+00, -1.854051684056736e-01, -1.887922546589717e+00,  3.423027826060904e-01,  2.400497988710295e-01,  7.249347437893061e-01,  2.036614636888938e-01, -3.276483036199998e-01,  3.847899985093369e-01, -1.400921617155309e-01,  9.758246595392127e-01,  8.686360315426497e-01, -1.497420135139766e-01,  3.416133999688210e-02
  2.020000000000000e+00, -1.874294498046241e-01, -1.888028568083315e+00,  3.456032831749333e-01,  2.416251596387384e-01,  7.247072368433930e-01,  2.036879324934504e-01, -3.266978158003107e-01,  3.807341095433542e-01, -1.362773620995864e-01,  9.921279948024807e-01,  8.680403228157993e-01, -1.456491354647989e-01,  3.466828382636248e-02
  2.030000000000000e+00, -1.893437753608296e-01, -1.887892210612383e+00,  3.487505072520597e-01,  2.431071692981765e-01,  7.245099352667900e-01,  2.037033766844430e-01, -3.256625706028579e-01,  3.768282324133552e-01, -1.329178394727020e-01,  1.007833607329416e+00,  8.670859004335464e-01, -1.414163667347117e-01,  3.514921474655033e-02
  2.040000000000000e+00, -1.911699087048327e-01, -1.887510213690539e+00,  3.517800606263259e-01,  2.445109973015010e-01,  7.243398848457477e-01,  2.037085124876028e-01, -3.246004477645880e-01,  3.730635758172677e-01, -1.300546880141428e-01,  1.022840593298234e+00,  8.658670544073866e-01, -1.369762022951608e-01,  3.560238985292339e-02
  2.050000000000000e+00, -1.929489478916923e-01, -1.886890069125742e+00,  3.547595900174639e-01,  2.458689209446292e-01,  7.241917043572439e-01,  2.037043111294229e-01, -3.236047670633316e-01,  3.694277106064019e-01, -1.277443559711586e-01,  1.037037815160742e+00,  8.645181493287327e-01, -1.322980343278286e-01,  3.602703246761935e-02
  2.060000000000000e+00, -1.947332805918351e-01, -1.886047337034287e+00,  3.577761683536329e-01,  2.472242363966080e-01,  7.240587027100703e-01,  2.036917655813107e-01, -3.227945363024129e-01,  3.659065412106677e-01, -1.260542941558321e-01,  1.050307525455360e+00,  8.632081975778897e-01, -1.274079969466797e-01,  3.642507687894423e-02
  2.070000000000000e+00, -1.965694179534474e-01, -1.885009386813877e+00,  3.609077800682252e-01,  2.486180597789343e-01,  7.239344524251691e-01,  2.036718596660924e-01, -3.222916668295688e-01,  3.624851398440688e-01, -1.250484219949193e-01,  1.062531695283864e+00,  8.621002104395059e-01, -1.223725688294270e-01,  3.680117584200707e-02
  2.080000000000000e+00, -1.984738278412140e-01, -1.883812723225178e+00,  3.641826326553311e-01,  2.500690762001673e-01,  7.238152949522527e-01,  2.036454650531175e-01, -3.221876311471395e-01,  3.591516541180321e-01, -1.247613374864349e-01,  1.073594836194544e+00,  8.613202299197253e-01, -1.172751662624938e-01,  3.716343106720309e-02
  2.090000000000000e+00, -2.004080164496539e-01, -1.882522015487848e+00,  3.675343626736962e-01,  2.515533569283945e-01,  7.237014315828638e-01,  2.036140236151731e-01, -3.225055363027667e-01,  3.558896837861630e-01, -1.251725067350836e-01,  1.083383465328200e+00,  8.609351770730513e-01, -1.122242950821810e-01,  3.752221791627786e-02
  2.100000000000000e+00, -2.022644079921554e-01, -1.881226956564410e+00,  3.707752991216370e-01,  2.529897281116310e-01,  7.235980358935596e-01,  2.035798528381661e-01, -3.231767573546195e-01,  3.526817206198292e-01, -1.261859091391498e-01,  1.091785067990069e+00,  8.609631034876624e-01, -1.073532235581185e-01,  3.788736684942377e-02
  2.110000000000000e+00, -2.038750726909330e-01, -1.880038765827738e+00,  3.736082961382601e-01,  2.542439121981138e-01,  7.235141345107245e-01,  2.035464952324030e-01, -3.240479029804024e-01,  3.495118991518339e-01, -1.276354396142298e-01,  1.098689980877518e+00,  8.613837401898697e-01, -1.028092047842981e-01,  3.826382068134111e-02
  2.120000000000000e+00, -2.050445036769747e-01, -1.879074709882933e+00,  3.756826834449259e-01,  2.551538247033647e-01,  7.234602320623841e-01,  2.035184217557278e-01, -3.249227952381191e-01,  3.463713674396600e-01, -1.293199721348173e-01,  1.103994624586755e+00,  8.621538698214288e-01, -9.873424756024818e-02,  3.865032225763520e-02
  2.130000000000000e+00, -2.055924337965656e-01, -1.878438881168918e+00,  3.766718181221377e-01,  2.555667070021923e-01,  7.234458262775230e-01,  2.035000551839832e-01, -3.256213867575538e-01,  3.432626375818257e-01, -1.310549455348134e-01,  1.107604122095007e+00,  8.632248671565990e-01, -9.525040045425959e-02,  3.904118415486354e-02
  2.140000000000000e+00, -2.053879775902777e-01, -1.878207550284712e+00,  3.763385791129842e-01,  2.553720783750678e-01,  7.234779374986955e-01,  2.034945079516388e-01, -3.260279730744011e-01,  3.402015096441498e-01, -1.327174397189689e-01,  1.109434051932328e+00,  8.645583293324496e-01, -9.245583604818908e-02,  3.942863828402472e-02
  2.150000000000000e+00, -2.043662520602617e-01, -1.878422545907759e+00,  3.745700404629825e-01,  2.545202803073435e-01,  7.235607618316322e-01,  2.035026128070259e-01, -3.261138023543914e-01,  3.372165658968858e-01, -1.342685905677478e-01,  1.109410404153488e+00,  8.661308074341204e-01, -9.043035786576059e-02,  3.980461984395076e-02
  2.160000000000000e+00, -2.025300403769568e-01, -1.879090450086751e+00,  3.713828607366069e-01,  2.530258486774832e-01,  7.236958641207105e-01,  2.035226054902718e-01, -3.259364289816501e-01,  3.343483973853052e-01, -1.357500033540311e-01,  1.107466196208117e+00,  8.679307834451221e-01, -8.924200371224544e-02,  4.016190747409025e-02
  2.170000000000000e+00, -1.999421701088248e-01, -1.880185376591382e+00,  3.669082248001893e-01,  2.509594169752796e-01,  7.238823613334892e-01,  2.035505246393052e-01, -3.256239524371131e-01,  3.316503489062066e-01, -1.372607329257750e-01,  1.103536647402183e+00,  8.699582201435127e-01, -8.895033511755601e-02,  4.049459053432092e-02
  2.180000000000000e+00, -1.967128892097982e-01, -1.881654236035492e+00,  3.613646512342703e-01,  2.484326065820821e-01,  7.241169325506687e-01,  2.035811437890708e-01, -3.253512197161330e-01,  3.291897216651965e-01, -1.389263383893831e-01,  1.097557772737902e+00,  8.722210302637821e-01, -8.960418451071739e-02,  4.079779400318835e-02
  2.190000000000000e+00, -1.929865486134486e-01, -1.883419865152602e+00,  3.550282655642170e-01,  2.455810019405672e-01,  7.243938545409176e-01,  2.036090125482860e-01, -3.253150498596154e-01,  3.270491541607134e-01, -1.408699822952245e-01,  1.089470822522825e+00,  8.747232954178792e-01, -9.122408777442326e-02,  4.106636706626942e-02
  2.200000000000000e+00, -1.889315393732470e-01, -1.885376837547131e+00,  3.482092733560080e-01,  2.425497092895035e-01,  7.247053005610518e-01,  2.036291968748081e-01, -3.257144326251840e-01,  3.253293682466570e-01, -1.431915700673734e-01,  1.079231797242692e+00,  8.774585379386235e-01, -9.377052125590080e-02,  4.129309998023025e-02
  2.210000000000000e+00, -1.847314678401715e-01, -1.887385130332043e+00,  3.412319859982376e-01,  2.394813610724244e-01,  7.250420084765764e-01,  2.036376716810237e-01, -3.267328476232139e-01,  3.241490619987397e-01, -1.459573014415569e-01,  1.066826168152245e+00,  8.804132521243105e-01, -9.712019596636479e-02,  4.146845333113334e-02
  2.220000000000000e+00, -1.805700434864655e-01, -1.889277787498691e+00,  3.344063321598516e-01,  2.365030313079113e-01,  7.253942705218538e-01,  2.036316193672058e-01, -3.285130615988289e-01,  3.236320636178224e-01, -1.491945794236453e-01,  1.052287230346129e+00,  8.835651647695286e-01, -1.010619636387557e-01,  4.158203447832128e-02
  2.230000000000000e+00, -1.766081746525661e-01, -1.890889709980211e+00,  3.279898937535676e-01,  2.337126105158649e-01,  7.257530264502653e-01,  2.036097180943776e-01, -3.311254182077579e-01,  3.238794584537226e-01, -1.528847947018410e-01,  1.035711183864350e+00,  8.868683549301275e-01, -1.053022620054127e-01,  4.162369263277326e-02
  2.240000000000000e+00, -1.729617102737329e-01, -1.892092108237839e+00,  3.221554075166512e-01,  2.311695482160334e-01,  7.261109482957544e-01,  2.035721565480600e-01, -3.345449301008904e-01,  3.249403541270926e-01, -1.569579719180286e-01,  1.017264242483102e+00,  8.902438741436877e-01, -1.094823493780124e-01,  4.158509575200994e-02
  2.250000000000000e+00, -1.696886160856150e-01, -1.892813973022179e+00,  3.169765316291446e-01,  2.288929880890999e-01,  7.264633981672401e-01,  2.035202343553094e-01, -3.386495864705983e-01,  3.267979158212334e-01, -1.613011618906146e-01,  9.971828362494587e-01,  8.936038215097756e-01, -1.132300547099543e-01,  4.146482212163129e-02
  2.260000000000000e+00, -1.667891383030875e-01, -1.893047290766397e+00,  3.124344478277925e-01,  2.268672990147952e-01,  7.268087687916950e-01,  2.034558187763647e-01, -3.432407245488002e-01,  3.293749975974680e-01, -1.657831031260085e-01,  9.757665022725883e-01,  8.969088967805422e-01, -1.162451310242802e-01,  4.127489670339602e-02
  2.270000000000000e+00, -1.642183005482311e-01, -1.892838632614387e+00,  3.084419423647472e-01,  2.250532730395988e-01,  7.271479355568063e-01,  2.033809255084353e-01, -3.480789274966792e-01,  3.325542689562072e-01, -1.702851748898876e-01,  9.533622310078130e-01,  9.002172761875817e-01, -1.183715006323629e-01,  4.104257493204915e-02
  2.280000000000000e+00, -1.619065062910005e-01, -1.892268042820465e+00,  3.048776929633079e-01,  2.234016941978323e-01,  7.274832330321112e-01,  2.032974091492704e-01, -3.529251107894747e-01,  3.362060216905589e-01, -1.747274164280123e-01,  9.303434929244706e-01,  9.036839353319712e-01, -1.196140493099562e-01,  4.080442245331198e-02
  2.290000000000000e+00, -1.597819799171557e-01, -1.891421050366148e+00,  3.016214143594420e-01,  2.218658909672258e-01,  7.278174213706002e-01,  2.032067243163510e-01, -3.575760047894174e-01,  3.402153091245440e-01, -1.790842160576908e-01,  9.070877126468301e-01,  9.075133619356229e-01, -1.201119368201879e-01,  4.059570517367385e-02
  2.300000000000000e+00, -1.577883012601167e-01, -1.890365641467817e+00,  2.985801550668610e-01,  2.204105103353323e-01,  7.281528193143247e-01,  2.031098405201973e-01, -3.618855328886506e-01,  3.444988230677925e-01, -1.833882500155747e-01,  8.839536050005180e-01,  9.118912404084359e-01, -1.201054732882147e-01,  4.044068469405564e-02
  2.310000000000000e+00, -1.558915624831116e-01, -1.889142936957541e+00,  2.956980578451487e-01,  2.190143299378246e-01,  7.284908246226764e-01,  2.030073291816212e-01, -3.657678610659317e-01,  3.490069086712237e-01, -1.877228739560416e-01,  8.612618517376296e-01,  9.169164830834963e-01, -1.199052212303486e-01,  4.034697770253019e-02
  2.320000000000000e+00, -1.540765896027487e-01, -1.887771049763702e+00,  2.929493724784441e-01,  2.176671943027053e-01,  7.288320138236258e-01,  2.028995067121711e-01, -3.691849652380771e-01,  3.537145819421214e-01, -1.922053811811339e-01,  8.392841711037586e-01,  9.225536284234134e-01, -1.198520655289481e-01,  4.030401685328632e-02
  2.330000000000000e+00, -1.523374517146104e-01, -1.886256159961747e+00,  2.903231196632053e-01,  2.163642631439476e-01,  7.291765828324778e-01,  2.027865594175018e-01, -3.721275978947687e-01,  3.586082318237595e-01, -1.969656537116314e-01,  8.182413956741120e-01,  9.286170910337334e-01, -1.202677643961914e-01,  4.028518691254220e-02
  2.340000000000000e+00, -1.506684239055913e-01, -1.884605548786341e+00,  2.878089068207055e-01,  2.151011724469764e-01,  7.295246589491831e-01,  2.026686824827931e-01, -3.745980551430473e-01,  3.636715331899973e-01, -2.021252452670887e-01,  7.983061888998625e-01,  9.347833451575726e-01, -1.214055365484739e-01,  4.025373312736442e-02
  2.350000000000000e+00, -1.490578724460081e-01, -1.882837232716479e+00,  2.853875630320523e-01,  2.138710569039632e-01,  7.298764884019723e-01,  2.025461680898588e-01, -3.765981525911865e-01,  3.688735674609118e-01, -2.077811595048370e-01,  7.796063132495480e-01,  9.406278383605294e-01, -1.234137572078007e-01,  4.017201945298285e-02
  2.360000000000000e+00, -1.474844675258473e-01, -1.880992201310613e+00,  2.830254632770475e-01,  2.126635267037367e-01,  7.302321345353989e-01,  2.024196483194967e-01, -3.781222910556951e-01,  3.741575854937368e-01, -2.139989804401962e-01,  7.622285382339716e-01,  9.456789721528583e-01, -1.263271017359180e-01,  4.000998599754485e-02
  2.370000000000000e+00, -1.459184054896125e-01, -1.879119814602555e+00,  2.806767163165967e-01,  2.114641358338866e-01,  7.305923567831116e-01,  2.022896207900003e-01, -3.791597103146064e-01,  3.794508628667607e-01, -2.208102220842525e-01,  7.462201665297797e-01,  9.495041083901653e-01, -1.300677465118003e-01,  3.975007323261206e-02
  2.380000000000000e+00, -1.443257903376529e-01, -1.877276786558589e+00,  2.782898998598695e-01,  2.102572249994541e-01,  7.309580826220182e-01,  2.021565653599536e-01, -3.797012692722606e-01,  3.846693198256502e-01, -2.282151972857916e-01,  7.315875723504294e-01,  9.517709707210273e-01, -1.344697086671731e-01,  3.938663740679241e-02
  2.390000000000000e+00, -1.426740853125844e-01, -1.875518551172385e+00,  2.758163979456313e-01,  2.090285435761309e-01,  7.313302314896316e-01,  2.020208723792118e-01, -3.797454693805687e-01,  3.897273081691222e-01, -2.361836436797056e-01,  7.182925284596204e-01,  9.523017863426078e-01, -1.393124084863093e-01,  3.892560308145180e-02
  2.400000000000000e+00, -1.409352028377865e-01, -1.873896602749517e+00,  2.732150836332585e-01,  2.077668995301595e-01,  7.317094334622235e-01,  2.018828973406437e-01, -3.792987830630253e-01,  3.945439291079270e-01, -2.446556695168708e-01,  7.062523338394548e-01,  9.511066254530012e-01, -1.443611180918056e-01,  3.838398062773456e-02
  2.410000000000000e+00, -1.390877453804818e-01, -1.872457623780514e+00,  2.704556883641381e-01,  2.064653997897594e-01,  7.320957230323955e-01,  2.017430587296654e-01, -3.783752799459437e-01,  3.990475447542005e-01, -2.535447322927552e-01,  6.953445206782621e-01,  9.483750018618364e-01, -1.494011778890907e-01,  3.778690201290034e-02
  2.420000000000000e+00, -1.371201121958511e-01, -1.871243217872389e+00,  2.675233973217190e-01,  2.051232110973178e-01,  7.324880318643334e-01,  2.016020211327855e-01, -3.769998694576820e-01,  4.031779331944323e-01, -2.627431593342179e-01,  6.854159255725401e-01,  9.444147287476117e-01, -1.542527138890464e-01,  3.716083616715819e-02
  2.430000000000000e+00, -1.350330435951972e-01, -1.870291697819195e+00,  2.644224775285439e-01,  2.037470634106128e-01,  7.328835806145751e-01,  2.014609579485795e-01, -3.752123444966552e-01,  4.068867847033309e-01, -2.721298857708404e-01,  6.762954774845600e-01,  9.395769616268069e-01, -1.587684001933214e-01,  3.652538709154807e-02
  2.440000000000000e+00, -1.328410692784472e-01, -1.869626061901170e+00,  2.611780411063209e-01,  2.023504657585493e-01,  7.332784519625433e-01,  2.013212736244808e-01, -3.730689175241603e-01,  4.101494792575547e-01, -2.815769625546906e-01,  6.678019838432282e-01,  9.342405981173756e-01, -1.628417566823932e-01,  3.589231729451839e-02
  2.450000000000000e+00, -1.305681700090594e-01, -1.869262619696916e+00,  2.578291441443655e-01,  2.009515676402869e-01,  7.336675494817896e-01,  2.011847752044277e-01, -3.706358120927390e-01,  4.129625105807981e-01, -2.909601863830886e-01,  6.597506838586132e-01,  9.288041955795678e-01, -1.664443286675050e-01,  3.526990123472183e-02
  2.460000000000000e+00, -1.282456410860852e-01, -1.869196894251477e+00,  2.544250284113628e-01,  1.995700046772245e-01,  7.340459687061340e-01,  2.010530759924378e-01, -3.679869648961284e-01,  4.153518851786060e-01, -3.001649068395394e-01,  6.519598455652259e-01,  9.236618337832471e-01, -1.696324295298910e-01,  3.466722252135544e-02
  2.470000000000000e+00, -1.259085937224231e-01, -1.869406463502565e+00,  2.510194467925942e-01,  1.982248509995786e-01,  7.344093653626123e-01,  2.009275112937441e-01, -3.652012159285263e-01,  4.173665486000125e-01, -3.090934005976189e-01,  6.442639774778455e-01,  9.191355202674247e-01, -1.725298450681254e-01,  3.409303615878453e-02
  2.480000000000000e+00, -1.235922702775566e-01, -1.869854372122740e+00,  2.476649194981317e-01,  1.969327031726006e-01,  7.347543421409457e-01,  2.008090323429212e-01, -3.623578814960284e-01,  4.190723912729607e-01, -3.176700140071665e-01,  6.365257921458011e-01,  9.154337895973561e-01, -1.752966081178988e-01,  3.355549166640572e-02
  2.490000000000000e+00, -1.213278494091720e-01, -1.870493586679862e+00,  2.444065361840774e-01,  1.957057810842562e-01,  7.350788622611311e-01,  2.006980814850486e-01, -3.595304117262725e-01,  4.205461467870698e-01, -3.258436155015378e-01,  6.286460869556439e-01,  9.126405286575108e-01, -1.780883830871955e-01,  3.306180298207075e-02
  2.500000000000000e+00, -1.191391075206992e-01, -1.871270740812004e+00,  2.412772870746767e-01,  1.945506322715446e-01,  7.353825908236532e-01,  2.005944687934914e-01, -3.567811778547693e-01,  4.218684688429390e-01, -3.335878312455351e-01,  6.205699360565455e-01,  9.107219399037445e-01, -1.810162784141762e-01,  3.261444826821006e-02
  2.510000000000000e+00, -1.170405329860982e-01, -1.872128363333324e+00,  2.382956810962436e-01,  1.934676127346812e-01,  7.356671132837130e-01,  2.004972695984180e-01, -3.541584804701276e-01,  4.231186853888161e-01, -3.408992735114035e-01,  6.122864144534643e-01,  9.095508972586070e-01, -1.841240134099678e-01,  3.220658872574141e-02
  2.520000000000000e+00, -1.150358863228142e-01, -1.873008981635470e+00,  2.354641681811692e-01,  1.924508645360186e-01,  7.359359186231288e-01,  2.004048296810556e-01, -3.516939499356821e-01,  4.243695221337092e-01, -3.477930800110003e-01,  6.038247965142324e-01,  9.089440519993847e-01, -1.873903813535402e-01,  3.182300901019243e-02
  2.530000000000000e+00, -1.131169382933215e-01, -1.873863243882893e+00,  2.327680020742307e-01,  1.914888390273801e-01,  7.361940117676333e-01,  2.003149569714413e-01, -3.494000849536615e-01,  4.256778898739567e-01, -3.542964166843364e-01,  5.952508983771375e-01,  9.086970982737395e-01, -1.907520969961183e-01,  3.144712717665391e-02
  2.540000000000000e+00, -1.112633612777050e-01, -1.874658568399247e+00,  2.301758221280321e-01,  1.905654959684583e-01,  7.364472623511330e-01,  2.002252280124497e-01, -3.472702358918093e-01,  4.270745272154109e-01, -3.604424702779944e-01,  5.866622883738907e-01,  9.086034392299447e-01, -1.941307753492694e-01,  3.106827001577608e-02
  2.550000000000000e+00, -1.094448558941485e-01, -1.875383950283673e+00,  2.276432763902369e-01,  1.896622456098321e-01,  7.367016569169752e-01,  2.001333047931047e-01, -3.452818491861329e-01,  4.285595164805568e-01, -3.662661120983878e-01,  5.781798992247702e-01,  9.084658402126761e-01, -1.974488645619876e-01,  3.068419968770196e-02
  2.560000000000000e+00, -1.076256639933823e-01, -1.876049711940720e+00,  2.251197382306560e-01,  1.887605290178621e-01,  7.369625298491193e-01,  2.000372235919881e-01, -3.434013711890473e-01,  4.301062295880472e-01, -3.718003703244095e-01,  5.699368864468046e-01,  9.081220362320555e-01, -2.006347427618644e-01,  3.029872155575506e-02
  2.570000000000000e+00, -1.057698397324047e-01, -1.876684263090887e+00,  2.225558148688180e-01,  1.878443545565100e-01,  7.372338878999322e-01,  1.999356326847944e-01, -3.415895277445717e-01,  4.316688498958852e-01, -3.770739572967146e-01,  5.620684533940047e-01,  9.074684261326829e-01, -2.036258619557592e-01,  2.991807237092726e-02
  2.580000000000000e+00, -1.038471838303607e-01, -1.877326673767528e+00,  2.199114542780573e-01,  1.869026001183079e-01,  7.375179442998266e-01,  1.998279219942263e-01, -3.398084847084329e-01,  4.331912257512724e-01, -3.821101490978518e-01,  5.547030232582149e-01,  9.064541035408337e-01, -2.063714297527965e-01,  2.954880354610264e-02
  2.590000000000000e+00, -1.018313988130908e-01, -1.878032104663727e+00,  2.171535623279146e-01,  1.859285462209807e-01,  7.378149415801381e-01,  1.997143672297085e-01, -3.380236520614343e-01,  4.346033615022054e-01, -3.869338969134758e-01,  5.479631005134004e-01,  9.050332841446095e-01, -2.088350245669948e-01,  2.919413382853399e-02
  2.600000000000000e+00, -9.971121427250217e-02, -1.878843401600192e+00,  2.142702865045141e-01,  1.849224036047367e-01,  7.381234867738483e-01,  1.995957645911146e-01, -3.362145186993096e-01,  4.358460474016878e-01, -3.915665695113768e-01,  5.419513153550783e-01,  9.031774637709187e-01, -2.109896799524322e-01,  2.885616898967374e-02
  2.610000000000000e+00, -9.748643009493356e-02, -1.879796330733438e+00,  2.112653060393909e-01,  1.838895152410693e-01,  7.384407626614972e-01,  1.994734305332956e-01, -3.343720117292295e-01,  4.368675991711215e-01, -3.960307077198309e-01,  5.367510514848240e-01,  9.008626980854874e-01, -2.128227315688369e-01,  2.853415797036335e-02
  2.620000000000000e+00, -9.516941822654738e-02, -1.880910192288242e+00,  2.081590686975782e-01,  1.828397788764241e-01,  7.387630025794630e-01,  1.993489591736652e-01, -3.325005751215337e-01,  4.376320662517492e-01, -4.003467638350177e-01,  5.324192573117783e-01,  8.980787045329581e-01, -2.143411571174092e-01,  2.822617475067408e-02
  2.630000000000000e+00, -9.278227038814919e-02, -1.882186745472183e+00,  2.049842671720450e-01,  1.817857413828474e-01,  7.390860685444972e-01,  1.992240040791881e-01, -3.306165450913156e-01,  4.381202446468708e-01, -4.045313286993254e-01,  5.289844873945059e-01,  8.948277424711737e-01, -2.155737496651415e-01,  2.793144058149680e-02
  2.640000000000000e+00, -9.035091853390242e-02, -1.883614584953190e+00,  2.017775587738454e-01,  1.807398897406742e-01,  7.394061424099889e-01,  1.991000423568707e-01, -3.287428887029250e-01,  4.383263586761420e-01, -4.085964158390606e-01,  5.264485645732646e-01,  8.911255109462275e-01, -2.165624103256243e-01,  2.765193200865615e-02
  2.650000000000000e+00, -8.789796626318172e-02, -1.885173218179916e+00,  1.985698598129143e-01,  1.797114890396704e-01,  7.397207090559835e-01,  1.989779876215237e-01, -3.269029392741790e-01,  4.382554383959238e-01, -4.125495545245724e-01,  5.247892689863783e-01,  8.870050284044251e-01, -2.173488470986087e-01,  2.739175367746353e-02
  2.660000000000000e+00, -8.544470999774796e-02, -1.886842763803557e+00,  1.953895105942578e-01,  1.787087245527102e-01,  7.400273902616442e-01,  1.988587509848879e-01, -3.251214727935461e-01,  4.379184826939594e-01, -4.163900243323423e-01,  5.239577688767093e-01,  8.825196510747069e-01, -2.179750082334586e-01,  2.715596131304837e-02
  2.670000000000000e+00, -8.300450306551442e-02, -1.888598245146934e+00,  1.922532772979572e-01,  1.777349616552308e-01,  7.403256853527475e-01,  1.987424293340123e-01, -3.234203762549187e-01,  4.373370255291541e-01, -4.201103738019344e-01,  5.238831311662465e-01,  8.777479821882505e-01, -2.184779105793895e-01,  2.694852381670674e-02
  2.680000000000000e+00, -8.058958116578566e-02, -1.890416964674225e+00,  1.891759593013446e-01,  1.767930095765133e-01,  7.406151078259681e-01,  1.986291493979717e-01, -3.218199997134407e-01,  4.365404090607092e-01, -4.236911250251023e-01,  5.244696034670013e-01,  8.727943097754586e-01, -2.188920685945877e-01,  2.677110328731062e-02
  2.690000000000000e+00, -7.821151751952633e-02, -1.892277208511402e+00,  1.861709922336243e-01,  1.758852380111389e-01,  7.408952167280083e-01,  1.985190405670465e-01, -3.203330780008469e-01,  4.355662771470177e-01, -4.270992474258908e-01,  5.256010885334438e-01,  8.677722757134431e-01, -2.192494676948673e-01,  2.662307842980644e-02
  2.700000000000000e+00, -7.588320522511843e-02, -1.894153493827082e+00,  1.832527993350884e-01,  1.750140018022247e-01,  7.411656683754277e-01,  1.984121741324205e-01, -3.189586016163285e-01,  4.344627636730070e-01, -4.302874101760152e-01,  5.271484590215302e-01,  8.627871510735825e-01, -2.195858288670216e-01,  2.650320248542136e-02
  2.710000000000000e+00, -7.362258287458914e-02, -1.896009762895202e+00,  1.804411347349432e-01,  1.741825803996006e-01,  7.414261250830364e-01,  1.983085551678558e-01, -3.176795058005191e-01,  4.332928331929823e-01, -4.331954917787734e-01,  5.289792302373845e-01,  8.579353120663121e-01, -2.199423242116034e-01,  2.641041378791292e-02
  2.720000000000000e+00, -7.145795532953859e-02, -1.897794611878068e+00,  1.777673909956908e-01,  1.733969730202501e-01,  7.416756802564183e-01,  1.982083543085711e-01, -3.164672398452647e-01,  4.321369147068789e-01, -4.357552932496119e-01,  5.309666187405819e-01,  8.533140551849620e-01, -2.203556451310897e-01,  2.634277361605115e-02
  2.730000000000000e+00, -6.943218122726305e-02, -1.899440381940645e+00,  1.752795102317597e-01,  1.726675057538816e-01,  7.419121410088761e-01,  1.981122423727232e-01, -3.152919053314316e-01,  4.310901435742694e-01, -4.378986438592177e-01,  5.329958933532882e-01,  8.490228277236719e-01, -2.208436905767968e-01,  2.629616089011141e-02
  2.740000000000000e+00, -6.760252407641565e-02, -1.900867362273277e+00,  1.730416998292507e-01,  1.720090414469434e-01,  7.421316626673184e-01,  1.980216052825215e-01, -3.141333291643313e-01,  4.302526242128958e-01, -4.395662683414016e-01,  5.349679116502104e-01,  8.451518581528688e-01, -2.214001879830325e-01,  2.626464605517507e-02
  2.750000000000000e+00, -6.603568745558122e-02, -1.901992773354720e+00,  1.711286520408468e-01,  1.714397029875362e-01,  7.423288647705214e-01,  1.979385631377007e-01, -3.129895031607093e-01,  4.297154764838645e-01, -4.407139303912427e-01,  5.367997470603340e-01,  8.417705062116363e-01, -2.220043781260246e-01,  2.624189756497512e-02
  2.760000000000000e+00, -6.480024051645247e-02, -1.902741099015922e+00,  1.696170602065016e-01,  1.709788231800539e-01,  7.424973276506216e-01,  1.978658046752265e-01, -3.118813613941837e-01,  4.295490881721981e-01, -4.413147332184637e-01,  5.384229526713453e-01,  8.389250031557207e-01, -2.226386191989997e-01,  2.622187238087614e-02
  2.770000000000000e+00, -6.395942992589630e-02, -1.903055800138915e+00,  1.685781800386110e-01,  1.706454395295943e-01,  7.426298998403333e-01,  1.978064981021629e-01, -3.108533980341088e-01,  4.297952278211708e-01, -4.413579383700459e-01,  5.397821632786806e-01,  8.366366643783252e-01, -2.233015548260147e-01,  2.619853856768734e-02
  2.780000000000000e+00, -6.356148190720340e-02, -1.902893051605661e+00,  1.680662519226000e-01,  1.704538448634841e-01,  7.427211381508757e-01,  1.977630793006163e-01, -3.099659351005360e-01,  4.304770969747992e-01, -4.408461763635587e-01,  5.408356978469471e-01,  8.349173750224994e-01, -2.240053165624354e-01,  2.616744542591616e-02
  2.790000000000000e+00, -6.363948185093309e-02, -1.902243376514627e+00,  1.681207620369143e-01,  1.704163855665456e-01,  7.427653859330365e-01,  1.977382420363304e-01, -3.092884098494447e-01,  4.315878007041505e-01, -4.397889808210346e-01,  5.415590759242139e-01,  8.337465498717210e-01, -2.247841957778418e-01,  2.612504833066205e-02
  2.800000000000000e+00, -6.420660849479652e-02, -1.901117831327856e+00,  1.687601165018544e-01,  1.705401901382784e-01,  7.427589742600904e-01,  1.977337913068292e-01, -3.088870868961017e-01,  4.331065502341474e-01, -4.381979341631391e-01,  5.419482595381138e-01,  8.330910447526454e-01, -2.256894409046661e-01,  2.606963638031172e-02
  2.810000000000000e+00, -6.525808393185577e-02, -1.899548116718335e+00,  1.699842135196312e-01,  1.708281603327342e-01,  7.426998704360440e-01,  1.977507870214097e-01, -3.088201326507571e-01,  4.350023843333998e-01, -4.360833247733521e-01,  5.420234381214053e-01,  8.329070415517738e-01, -2.267846448663320e-01,  2.599912018931269e-02
  2.820000000000000e+00, -6.677423523084146e-02, -1.897584869036723e+00,  1.717778344223820e-01,  1.712800424448694e-01,  7.425872734535537e-01,  1.977897183717635e-01, -3.091386023025294e-01,  4.372356530327771e-01, -4.334570330086088e-01,  5.418351775384744e-01,  8.331465134815949e-01, -2.281369163505367e-01,  2.590926670975842e-02
  2.830000000000000e+00, -6.872394056945325e-02, -1.895297532457688e+00,  1.741142788669540e-01,  1.718936902094600e-01,  7.424209901459232e-01,  1.978508031573237e-01, -3.098895519857870e-01,  4.397539570100527e-01, -4.303420534281156e-01,  5.414749782603807e-01,  8.337569660131615e-01, -2.298088542359487e-01,  2.579420816835823e-02
  2.840000000000000e+00, -7.106688089093038e-02, -1.892771875997237e+00,  1.769571067439195e-01,  1.726654436605746e-01,  7.422012568706928e-01,  1.979340726318830e-01, -3.111135051742638e-01,  4.424878550768225e-01, -4.267845113237949e-01,  5.410881587037787e-01,  8.346661474237428e-01, -2.318480567918708e-01,  2.564906986633341e-02
  2.850000000000001e+00, -7.375365333057674e-02, -1.890102294930312e+00,  1.802586916831424e-01,  1.735888917535379e-01,  7.419294356400119e-01,  1.980390276448269e-01, -3.128332533522025e-01,  4.453503308106927e-01, -4.228612860446710e-01,  5.408816441116240e-01,  8.357611189269482e-01, -2.342763804180412e-01,  2.547309874581615e-02
  2.860000000000000e+00, -7.672565809291919e-02, -1.887381154044589e+00,  1.839582650196531e-01,  1.746530977412954e-01,  7.416089869160686e-01,  1.981641658120278e-01, -3.150401810716588e-01,  4.482394081227254e-01, -4.186778671412281e-01,  5.411179562078346e-01,  8.368812459483655e-01, -2.370809978606259e-01,  2.527125183901456e-02
  2.870000000000000e+00, -7.991821206944077e-02, -1.884691195505181e+00,  1.879844550346829e-01,  1.758425815170455e-01,  7.412455054809629e-01,  1.983069735390377e-01, -3.176871739810033e-01,  4.510408645963928e-01, -4.143569368554177e-01,  5.420930668955587e-01,  8.378328088755287e-01, -2.402047740708413e-01,  2.505337306634843e-02
  2.880000000000000e+00, -8.326722161570488e-02, -1.882104396975510e+00,  1.922632336178789e-01,  1.771397914428111e-01,  7.408454848741779e-01,  1.984645326801700e-01, -3.206908928167408e-01,  4.536299662869203e-01, -4.100229581467982e-01,  5.441041130882364e-01,  8.384223713984844e-01, -2.435424782818487e-01,  2.483207315848734e-02
  2.890000000000000e+00, -8.671624002091650e-02, -1.879684753844481e+00,  1.967271615245398e-01,  1.785285095061944e-01,  7.404146894837669e-01,  1.986342974775329e-01, -3.239401252943933e-01,  4.558752633905636e-01, -4.057871439083157e-01,  5.474157028896278e-01,  8.385016373965524e-01, -2.469511876249493e-01,  2.462066438342827e-02
  2.900000000000000e+00, -9.021982881173447e-02, -1.877491112183203e+00,  2.013202610369429e-01,  1.799958431815721e-01,  7.399572675281773e-01,  1.988145023641005e-01, -3.273057895605693e-01,  4.576468137531878e-01, -4.017345213038852e-01,  5.522318951911744e-01,  8.380033842164555e-01, -2.502682532570970e-01,  2.443201416387318e-02
  2.910000000000000e+00, -9.374145529341420e-02, -1.875578837058313e+00,  2.059957550172177e-01,  1.815316064132180e-01,  7.394760140302927e-01,  1.990040371394233e-01, -3.306494748880553e-01,  4.588264842061315e-01, -3.979139550934279e-01,  5.586774402463757e-01,  8.369506822572550e-01, -2.533278190601747e-01,  2.427868010830734e-02
  2.920000000000000e+00, -9.725096189648247e-02, -1.873998675803952e+00,  2.107130448382653e-01,  1.831271439875679e-01,  7.389729507432207e-01,  1.992021673726650e-01, -3.338312490215493e-01,  4.593213600752709e-01, -3.943320128708497e-01,  5.667833246547583e-01,  8.354721785678257e-01, -2.559810239683920e-01,  2.417526806002284e-02
  2.930000000000000e+00, -1.007153486460499e-01, -1.872801245856428e+00,  2.154255948434342e-01,  1.847712472993485e-01,  7.384506100963721e-01,  1.994080278608389e-01, -3.367183854288896e-01,  4.590511235242247e-01, -3.909562060377439e-01,  5.765066588640161e-01,  8.336454490591944e-01, -2.580993852186304e-01,  2.412993059466828e-02
  2.940000000000000e+00, -1.041111867944266e-01, -1.872023551586825e+00,  2.200976515383018e-01,  1.864550171625674e-01,  7.379109044381108e-01,  1.996209828167855e-01, -3.391977677933585e-01,  4.579849497270916e-01, -3.877226131860432e-01,  5.877141685839888e-01,  8.316504482125169e-01, -2.596145697314043e-01,  2.415422550722278e-02
  2.950000000000000e+00, -1.074201936683255e-01, -1.871687514935564e+00,  2.246988270205482e-01,  1.881697303601681e-01,  7.373560318240914e-01,  1.998402203373001e-01, -3.411851706881616e-01,  4.561312732469033e-01, -3.845533861594336e-01,  6.002245665923772e-01,  8.296184660381332e-01, -2.605069900248902e-01,  2.425158824634894e-02
  2.960000000000000e+00, -1.106345894312924e-01, -1.871792257402275e+00,  2.292120300831730e-01,  1.899091259909247e-01,  7.367881451496892e-01,  2.000648008629578e-01, -3.426313612948928e-01,  4.535471910470323e-01, -3.813695218235484e-01,  6.138266568902391e-01,  8.276540439817262e-01, -2.608004775846402e-01,  2.441700961309274e-02
  2.970000000000000e+00, -1.137588200872710e-01, -1.872311482733543e+00,  2.336367499395780e-01,  1.916705390970339e-01,  7.362092665456929e-01,  2.002936336709550e-01, -3.435231218517594e-01,  4.503329828620004e-01, -3.780988832949567e-01,  6.283003266869116e-01,  8.258232773816653e-01, -2.605440486314987e-01,  2.463769771266553e-02
  2.980000000000000e+00, -1.168085149230503e-01, -1.873194782394763e+00,  2.379885056399553e-01,  1.934550045321564e-01,  7.356213763583920e-01,  2.005254176721862e-01, -3.438801654976024e-01,  4.466196048506720e-01, -3.746802726710126e-01,  6.434339976165775e-01,  8.241433427356147e-01, -2.597953487269882e-01,  2.489598139069557e-02
  2.990000000000000e+00, -1.198074465655651e-01, -1.874371486158301e+00,  2.422952965131396e-01,  1.952664482205200e-01,  7.350266378973189e-01,  2.007585634017799e-01, -3.437490968473779e-01,  4.425546864717426e-01, -3.710655262770789e-01,  6.590365853122232e-01,  8.225884579458064e-01, -2.586160176317500e-01,  2.517280302893599e-02
  3.000000000000000e+00, -1.227833073024491e-01, -1.875757765614881e+00,  2.465921338169250e-01,  1.971104033294597e-01,  7.344275492108253e-01,  2.009911920547058e-01, -3.431945661603839e-01,  4.382881516503092e-01, -3.672208010384696e-01,  6.749455498629706e-01,  8.211112761734248e-01, -2.570786983026405e-01,  2.545155404251132e-02
  3.010000000000000e+00, -1.257623655183438e-01, -1.877266872807127e+00,  2.509136937715985e-01,  1.989922160606572e-01,  7.338270162607170e-01,  2.012212160549360e-01, -3.422878490706910e-01,  4.339585232324513e-01, -3.631268128176843e-01,  6.910335021644062e-01,  8.196603212366417e-01, -2.552691630838115e-01,  2.572018502345145e-02
  3.020000000000000e+00, -1.287639354030431e-01, -1.878818696961782e+00,  2.552863380182733e-01,  2.009148102837235e-01,  7.332284848003082e-01,  2.014464141656820e-01, -3.410957646786469e-01,  4.296838135260570e-01, -3.587769876323955e-01,  7.072099415677843e-01,  8.181832667798082e-01, -2.532740131388378e-01,  2.596915473218501e-02
  3.030000000000000e+00, -1.317964601804325e-01, -1.880345488164193e+00,  2.597221085768068e-01,  2.028767207304590e-01,  7.326360738305752e-01,  2.016644877068644e-01, -3.396736831455372e-01,  4.255582310987145e-01, -3.541742052250772e-01,  7.234156625163126e-01,  8.166228796926874e-01, -2.511644709334464e-01,  2.618791284065965e-02
  3.040000000000000e+00, -1.348555571635013e-01, -1.881794524580461e+00,  2.642153296869090e-01,  2.048707623596907e-01,  7.320546008647247e-01,  2.018731376154354e-01, -3.380624089637648e-01,  4.216519104645077e-01, -3.493283092137217e-01,  7.396164322582252e-01,  8.149063438437997e-01, -2.489807492248226e-01,  2.636379083379989e-02
  3.050000000000000e+00, -1.379229499862713e-01, -1.883133732805686e+00,  2.687403609706904e-01,  2.068834157010580e-01,  7.314892378324653e-01,  2.020703083545360e-01, -3.362863604107205e-01,  4.180086165556251e-01, -3.442548569534970e-01,  7.558008716883990e-01,  8.129165573494568e-01, -2.467164448126828e-01,  2.648268880334140e-02
  3.060000000000000e+00, -1.409732133270107e-01, -1.884335999048393e+00,  2.732607659126021e-01,  2.088967087166108e-01,  7.309455588764474e-01,  2.022540330589603e-01, -3.343607808046332e-01,  4.146613130268968e-01, -3.389738520348116e-01,  7.719682344392347e-01,  8.105260000011540e-01, -2.443142833522673e-01,  2.653358861066213e-02
  3.070000000000000e+00, -1.439711994758150e-01, -1.885402530452535e+00,  2.777249941241866e-01,  2.108887073844175e-01,  7.304281860593221e-01,  2.024231859205592e-01, -3.322871893988941e-01,  4.116150091802193e-01, -3.335095436391632e-01,  7.881246250491636e-01,  8.075886405369378e-01, -2.417087145095043e-01,  2.651011934398103e-02
  3.080000000000000e+00, -1.468802738302824e-01, -1.886343835932488e+00,  2.820780323395021e-01,  2.128362849800793e-01,  7.299409613504808e-01,  2.025771865721088e-01, -3.300607561373617e-01,  4.088651164197936e-01, -3.278904121772688e-01,  8.042626776321984e-01,  8.040622877660992e-01, -2.388726427267747e-01,  2.641760704510315e-02
  3.090000000000000e+00, -1.496656559415566e-01, -1.887174525850770e+00,  2.862663123438151e-01,  2.147166794530489e-01,  7.294868771280318e-01,  2.027159278944032e-01, -3.276736503362310e-01,  4.064033595472862e-01, -3.221484173512174e-01,  8.203531286825627e-01,  8.000674870955978e-01, -2.358529736921504e-01,  2.627637623404945e-02
  3.100000000000000e+00, -1.522993892415235e-01, -1.887904488078397e+00,  2.902454356233841e-01,  2.165099715285492e-01,  7.290680588942211e-01,  2.028396143324333e-01, -3.251243310749164e-01,  4.042247580964218e-01, -3.163178675763552e-01,  8.363473578032155e-01,  7.958680943056077e-01, -2.327633144331978e-01,  2.611826147807899e-02
  3.110000000000000e+00, -1.547640146318816e-01, -1.888540475383002e+00,  2.939861705806963e-01,  2.182020667039704e-01,  7.286852441809518e-01,  2.029488597071877e-01, -3.224265957337671e-01,  4.023252681449416e-01, -3.104370872913445e-01,  8.521903428651481e-01,  7.917661254821663e-01, -2.297415476976608e-01,  2.597482156610808e-02
  3.120000000000000e+00, -1.570515671532510e-01, -1.889102298379813e+00,  2.974731541318548e-01,  2.197861811875013e-01,  7.283369488635963e-01,  2.030450627111588e-01, -3.196080886544630e-01,  4.006892196591523e-01, -3.045541369027628e-01,  8.678346771774400e-01,  7.879957656188097e-01, -2.269129736434934e-01,  2.586659257661933e-02
  3.130000000000000e+00, -1.591592634160130e-01, -1.889631481085560e+00,  3.006983377052441e-01,  2.212611759993824e-01,  7.280196064492358e-01,  2.031304287643376e-01, -3.167006532631563e-01,  3.992816710083990e-01, -2.987292550742274e-01,  8.832492350538170e-01,  7.846788379657268e-01, -2.243749539164537e-01,  2.580042514234959e-02
  3.140000000000000e+00, -1.610862356074894e-01, -1.890186111440503e+00,  3.036560602338459e-01,  2.226289660438196e-01,  7.277284435371860e-01,  2.032076332021954e-01, -3.137338243974930e-01,  3.980510374248685e-01, -2.930310552938323e-01,  8.984212832721241e-01,  7.818181240273487e-01, -2.221959255132169e-01,  2.577240048318660e-02
  3.150000000000000e+00, -1.628343120095797e-01, -1.890804827020225e+00,  3.063450786930198e-01,  2.238914750350974e-01,  7.274598018811516e-01,  2.032786909839215e-01, -3.107369682169243e-01,  3.969505476756446e-01, -2.875250807645425e-01,  9.133490219170729e-01,  7.793330292934315e-01, -2.204098007767827e-01,  2.577462852095457e-02
  3.160000000000000e+00, -1.644066423417573e-01, -1.891508447469168e+00,  3.087667381866518e-01,  2.250499903573907e-01,  7.272111634943645e-01,  2.033449920775618e-01, -3.077376253456665e-01,  3.959393584077756e-01, -2.822706581966368e-01,  9.280342187868913e-01,  7.770858812350436e-01, -2.190239506443619e-01,  2.579855327013087e-02
  3.170000000000000e+00, -1.658059739750808e-01, -1.892293758563012e+00,  3.109226779189951e-01,  2.261034154880957e-01,  7.269817330987405e-01,  2.034070891706379e-01, -3.047585380354767e-01,  3.949874696822448e-01, -2.773158614191839e-01,  9.424749192433606e-01,  7.749341462718791e-01, -2.180142720025871e-01,  2.583700461578443e-02
  3.180000000000000e+00, -1.670318723690282e-01, -1.893152650836937e+00,  3.128101460432772e-01,  2.270482666731368e-01,  7.267714890463205e-01,  2.034652455470390e-01, -3.018126231062738e-01,  3.940655758292956e-01, -2.726985516990700e-01,  9.566643678741579e-01,  7.727561553552046e-01, -2.173290705409407e-01,  2.588419905196892e-02
  3.190000000000000e+00, -1.680813849361041e-01, -1.894072163477993e+00,  3.144230053310594e-01,  2.278790958984490e-01,  7.265810726177337e-01,  2.035194727311234e-01, -2.989042885413786e-01,  3.931442508659672e-01, -2.684459104867564e-01,  9.705874885712682e-01,  7.704774166154562e-01, -2.168894004006976e-01,  2.593646965338940e-02
  3.200000000000000e+00, -1.689536004537469e-01, -1.895039386044473e+00,  3.157587128711942e-01,  2.285921906538197e-01,  7.264108979943968e-01,  2.035697970263863e-01, -2.960380938903491e-01,  3.921907783987583e-01, -2.645732874020145e-01,  9.842131884427359e-01,  7.680711476415082e-01, -2.166002558245117e-01,  2.599303034681096e-02
  3.210000000000000e+00, -1.696548923360193e-01, -1.896046245233402e+00,  3.168263930925428e-01,  2.291898168052473e-01,  7.262602238618198e-01,  2.036165102547210e-01, -2.932291696244010e-01,  3.911697377644031e-01, -2.610986412991866e-01,  9.974874077684556e-01,  7.655506610295979e-01, -2.163736636198541e-01,  2.605520493307729e-02
  3.220000000000000e+00, -1.702028618606796e-01, -1.897087236461198e+00,  3.176530777041209e-01,  2.296828604172617e-01,  7.261268577087890e-01,  2.036601638538653e-01, -2.905119221164615e-01,  3.900452796136564e-01, -2.580400712283700e-01,  1.010331780704184e+00,  7.629581286545961e-01, -2.161401672703973e-01,  2.612793282765925e-02
  3.230000000000000e+00, -1.706258195454740e-01, -1.898148657727188e+00,  3.182831746965660e-01,  2.300894157489045e-01,  7.260079351036151e-01,  2.037012168723401e-01, -2.879410234238841e-01,  3.887892413428156e-01, -2.554248202992068e-01,  1.022649495925706e+00,  7.603642642144627e-01, -2.158497421116052e-01,  2.621821718172042e-02
  3.240000000000000e+00, -1.709574175341307e-01, -1.899222288089345e+00,  3.187695394418139e-01,  2.304322622210154e-01,  7.258997023265140e-01,  2.037403242053959e-01, -2.855836889256951e-01,  3.873756175951865e-01, -2.532929075716154e-01,  1.034335317953938e+00,  7.578465075801438e-01, -2.154743539457100e-01,  2.633186492155526e-02
  3.250000000000000e+00, -1.712298771083399e-01, -1.900296603966578e+00,  3.191630026872815e-01,  2.307330591930433e-01,  7.257988796754387e-01,  2.037779410114171e-01, -2.835115126725239e-01,  3.857863431390724e-01, -2.516907572985052e-01,  1.045278613952523e+00,  7.554890601163445e-01, -2.150006816907970e-01,  2.647264339293602e-02
  3.260000000000000e+00, -1.714643462133710e-01, -1.901371263296039e+00,  3.194967343978306e-01,  2.310067869168554e-01,  7.257028739939249e-01,  2.038145658584855e-01, -2.817884839554643e-01,  3.840056004974324e-01, -2.506619138019324e-01,  1.055363295432705e+00,  7.533651410803017e-01, -2.144359978073693e-01,  2.664134067564204e-02
  3.270000000000000e+00, -1.716602913519187e-01, -1.902449475195175e+00,  3.197698479450189e-01,  2.312533220891715e-01,  7.256114942662901e-01,  2.038503180902156e-01, -2.804590673897179e-01,  3.820258479218916e-01, -2.502303634465300e-01,  1.064465388464620e+00,  7.515404541629886e-01, -2.138020243044676e-01,  2.683669797376495e-02
  3.280000000000000e+00, -1.717847878324824e-01, -1.903548340117674e+00,  3.199303720150042e-01,  2.314507350484301e-01,  7.255275251554726e-01,  2.038850523077579e-01, -2.795354136160076e-01,  3.798472360735341e-01, -2.503885267329143e-01,  1.072453458900640e+00,  7.500666972693072e-01, -2.131371269376860e-01,  2.705551999641366e-02
  3.290000000000000e+00, -1.717668231411606e-01, -1.904696418768958e+00,  3.198666072486042e-01,  2.315509938860387e-01,  7.254575106613931e-01,  2.039181970365537e-01, -2.789910906824425e-01,  3.774836605491768e-01, -2.510881983026273e-01,  1.079189084200093e+00,  7.489917214677859e-01, -2.124972782641132e-01,  2.729374950863457e-02
  3.300000000000000e+00, -1.715001418455919e-01, -1.905933188946614e+00,  3.194121093852219e-01,  2.314822373673641e-01,  7.254114504049161e-01,  2.039487814945352e-01, -2.787640601585548e-01,  3.749647666630960e-01, -2.522419325252618e-01,  1.084528569839625e+00,  7.483659074918966e-01, -2.119601214972422e-01,  2.754652732115727e-02
  3.310000000000000e+00, -1.708557902845352e-01, -1.907297292407622e+00,  3.183667467478840e-01,  2.311574141682075e-01,  7.254021669212815e-01,  2.039752323701793e-01, -2.787700071671426e-01,  3.723387324268763e-01, -2.537347096304663e-01,  1.088325867693750e+00,  7.482496541525400e-01, -2.116192755228559e-01,  2.780753622636425e-02
  3.320000000000000e+00, -1.697026080132144e-01, -1.908832123620595e+00,  3.165302489304559e-01,  2.304909297674006e-01,  7.254427984433293e-01,  2.039957075224254e-01, -2.789232395526817e-01,  3.696634273328219e-01, -2.554505597139431e-01,  1.090438548484430e+00,  7.487028612248170e-01, -2.115829526031860e-01,  2.806745529107232e-02
  3.330000000000000e+00, -1.679319946104597e-01, -1.910570045756430e+00,  3.137432001908861e-01,  2.294164456681203e-01,  7.255452137736038e-01,  2.040078275568208e-01, -2.791633248684696e-01,  3.670053895631326e-01, -2.573004340248722e-01,  1.090733745943123e+00,  7.497886469017702e-01, -2.119619535105697e-01,  2.831504138404249e-02
  3.340000000000000e+00, -1.654796674604711e-01, -1.912526323327103e+00,  3.099220742278436e-01,  2.279027418620684e-01,  7.257180733832255e-01,  2.040087288240086e-01, -2.794771420188714e-01,  3.644337155166253e-01, -2.592463575029648e-01,  1.089095007417736e+00,  7.515615871882644e-01, -2.128600198234378e-01,  2.853874508167838e-02
  3.350000000000001e+00, -1.623396587055517e-01, -1.914694320912091e+00,  3.050800426271451e-01,  2.259624066947276e-01,  7.259654148250336e-01,  2.039952831698005e-01, -2.799099337582870e-01,  3.620150677736050e-01, -2.613100555341419e-01,  1.085426935074718e+00,  7.540531722149643e-01, -2.143596158477366e-01,  2.872817744926896e-02
  3.360000000000000e+00, -1.585693064186922e-01, -1.917044116733351e+00,  2.993310734612490e-01,  2.236522449249640e-01,  7.262856650600146e-01,  2.039646175284802e-01, -2.805630102407996e-01,  3.598101174354233e-01, -2.635635601266185e-01,  1.079656961012577e+00,  7.572629898902791e-01, -2.165037499836051e-01,  2.887458657752801e-02
  3.370000000000000e+00, -1.542850598188583e-01, -1.919524190518145e+00,  2.928776774088090e-01,  2.210658022745141e-01,  7.266712070938912e-01,  2.039148442800386e-01, -2.815780908521776e-01,  3.578709787677944e-01, -2.661062079023780e-01,  1.071737298556572e+00,  7.611532266113010e-01, -2.192756397676616e-01,  2.897041894256365e-02
  3.380000000000000e+00, -1.496502393836999e-01, -1.922064508561977e+00,  2.859857461466841e-01,  2.183200912760066e-01,  7.271087401451022e-01,  2.038457381987811e-01, -2.831122374476653e-01,  3.562386011550130e-01, -2.690367539487971e-01,  1.061649784470333e+00,  7.656337990274429e-01, -2.225806383978519e-01,  2.900880225873808e-02
  3.390000000000000e+00, -1.448570640447037e-01, -1.924578665840990e+00,  2.789520813464254e-01,  2.155396274760346e-01,  7.275806487998043e-01,  2.037590335318550e-01, -2.853099045853465e-01,  3.549401324782779e-01, -2.724292860565067e-01,  1.049414375407593e+00,  7.705341231214321e-01, -2.262318132973848e-01,  2.898374985593036e-02
  3.400000000000000e+00, -1.401038106083821e-01, -1.926965899161066e+00,  2.720676805421851e-01,  2.128398920191544e-01,  7.280675170239518e-01,  2.036581129440707e-01, -2.882750160373557e-01,  3.539860601455921e-01, -2.763177187770956e-01,  1.035101806422876e+00,  7.755719307836580e-01, -2.299393085515791e-01,  2.889105381760022e-02
  3.410000000000000e+00, -1.355681420224469e-01, -1.929116764900759e+00,  2.655793881844571e-01,  2.103120165282094e-01,  7.285515364172359e-01,  2.035470940470059e-01, -2.920442867720978e-01,  3.533658296762772e-01, -2.806901764157720e-01,  1.018847184107528e+00,  7.803397273461219e-01, -2.333164484941879e-01,  2.873111777328273e-02
  3.420000000000000e+00, -1.313816294093764e-01, -1.930924541028817e+00,  2.596571885352285e-01,  2.080117465982478e-01,  7.290198959107917e-01,  2.034296191659621e-01, -2.965677426257735e-01,  3.530417433745563e-01, -2.854930821526636e-01,  1.000856514922011e+00,  7.843278734638017e-01, -2.359216701772544e-01,  2.851659542220073e-02
  3.430000000000000e+00, -1.276132106946878e-01, -1.932300980183846e+00,  2.543767869779904e-01,  2.059558729124463e-01,  7.294668697676951e-01,  2.033078730794923e-01, -3.017066253968267e-01,  3.529427007964868e-01, -2.906429870022405e-01,  9.814025888563039e-01,  7.869639702950832e-01, -2.373296259427293e-01,  2.828256931994373e-02
  3.440000000000000e+00, -1.242667863277062e-01, -1.933193562168361e+00,  2.497224972437070e-01,  2.041270588633927e-01,  7.298936997646002e-01,  2.031823014965200e-01, -3.072546955273028e-01,  3.529584700026497e-01, -2.960424774455229e-01,  9.608141483594953e-01,  7.876182402497875e-01, -2.372015393861491e-01,  2.809145060742486e-02
  3.450000000000000e+00, -1.212925624987741e-01, -1.933600068881784e+00,  2.456078181085009e-01,  2.024849769289359e-01,  7.303063718503511e-01,  2.030521298707148e-01, -3.129777718714065e-01,  3.529347377802859e-01, -3.015966958186136e-01,  9.394611358491424e-01,  7.855638817798947e-01, -2.353401673644899e-01,  2.803007733881081e-02
  3.460000000000000e+00, -1.186075344220351e-01, -1.933573013485851e+00,  2.419062520411247e-01,  2.009798358113614e-01,  7.307124350200245e-01,  2.029162916633999e-01, -3.186585089322031e-01,  3.526738902521659e-01, -3.072287757269083e-01,  9.177377720869363e-01,  7.799260495790510e-01, -2.317258188543661e-01,  2.820354985754411e-02
  3.470000000000000e+00, -1.165485682772068e-01, -1.932557940450263e+00,  2.390550572812061e-01,  1.997315706411976e-01,  7.311007077581838e-01,  2.027732982975311e-01, -3.244952676141420e-01,  3.538427086389659e-01, -3.138248588691053e-01,  8.972594284682877e-01,  7.791654905402408e-01, -2.210476288964403e-01,  2.777647656545967e-02
  3.480000000000000e+00, -1.154333984126099e-01, -1.930605646343976e+00,  2.374763967067274e-01,  1.989096741455188e-01,  7.314171504650334e-01,  2.026434257656645e-01, -3.301999958240420e-01,  3.577495127090162e-01, -3.196664414538587e-01,  8.754030432196136e-01,  8.003133480133220e-01, -2.075950471761239e-01,  2.588295618601377e-02
  3.490000000000000e+00, -1.137251972123427e-01, -1.929522439173226e+00,  2.351116448090011e-01,  1.978600676392774e-01,  7.317628886790271e-01,  2.025113560938995e-01, -3.348900288756130e-01,  3.580614045952810e-01, -3.240450496299078e-01,  8.522280679574017e-01,  8.014882636697406e-01, -2.014805900043437e-01,  2.595924889306048e-02
