Main.Studies.MarkerTracking.t,Main.HumanModel.BodyModel.Interface.Left.RotVectorMeasures.ThoraxClavicula.Pos[0],Main.HumanModel.BodyModel.Interface.Left.RotVectorMeasures.ThoraxClavicula.Pos[1],Main.HumanModel.BodyModel.Interface.Left.RotVectorMeasures.ThoraxClavicula.Pos[2],Main.HumanModel.BodyModel.Interface.Left.RotVectorMeasures.ClaviculaScapula.Pos[0],Main.HumanModel.BodyModel.Interface.Left.RotVectorMeasures.ClaviculaScapula.Pos[1],Main.HumanModel.BodyModel.Interface.Left.RotVectorMeasures.ClaviculaScapula.Pos[2],Main.HumanModel.BodyModel.Interface.Left.RotVectorMeasures.ScapulaHumerus.Pos[0],Main.HumanModel.BodyModel.Interface.Left.RotVectorMeasures.ScapulaHumerus.Pos[1],Main.HumanModel.BodyModel.Interface.Left.RotVectorMeasures.ScapulaHumerus.Pos[2],Main.HumanModel.BodyModel.Interface.Left.ElbowFlexion.Pos,Main.HumanModel.BodyModel.Interface.Left.ElbowPronation.Pos,Main.HumanModel.BodyModel.Interface.Left.WristFlexion.Pos,Main.HumanModel.BodyModel.Interface.Left.WristAbduction.Pos
  1.600000000000000e+00, -2.358437841488553e+00,  3.117073760702537e-01, -1.379937759016595e+00,  3.287500119148456e-01,  7.136199588397241e-01,  2.043261629772205e-01, -4.287345738623968e-01,  2.987975339880954e-01,  7.815350433493139e-02,  9.525464633873214e-01,  6.424222273013254e-01, -8.735614700760896e-02,  3.992113570851914e-02
  1.610000000000000e+00, -2.362721733639242e+00,  3.080713887874943e-01, -1.383782432177413e+00,  3.249762001762912e-01,  7.135772727112384e-01,  2.045767923426765e-01, -4.307848346486812e-01,  2.963726904510956e-01,  7.153793986044107e-02,  9.529810930183009e-01,  6.431314244925690e-01, -8.417619656609077e-02,  4.065506160242929e-02
  1.620000000000000e+00, -2.367175048493145e+00,  3.040554560319174e-01, -1.388272605110591e+00,  3.208758714845076e-01,  7.135579080875780e-01,  2.048355097180594e-01, -4.331891807057101e-01,  2.944057844351169e-01,  6.342214764468075e-02,  9.520544814785175e-01,  6.428371580555479e-01, -8.179824714201445e-02,  4.135888061344863e-02
  1.630000000000000e+00, -2.371608125826439e+00,  2.997931499302959e-01, -1.393291805864106e+00,  3.165995109600486e-01,  7.135682717815653e-01,  2.050899448255724e-01, -4.360579801823494e-01,  2.929855312525180e-01,  5.385175153541563e-02,  9.495951747241358e-01,  6.414695548614895e-01, -8.045583283608071e-02,  4.201376017324624e-02
  1.640000000000000e+00, -2.375848194622791e+00,  2.954142344491066e-01, -1.398731045404633e+00,  3.122812337122354e-01,  7.136121924870311e-01,  2.053299746238253e-01, -4.394721535814546e-01,  2.921767403958161e-01,  4.294226095536183e-02,  9.454300027554200e-01,  6.389774657322979e-01, -8.031188877054252e-02,  4.259214165651592e-02
  1.650000000000000e+00, -2.379763979112246e+00,  2.910269368568243e-01, -1.404497955061689e+00,  3.080234924811606e-01,  7.136908310680083e-01,  2.055487150135377e-01, -4.434598348817635e-01,  2.920077243624818e-01,  3.088254206252979e-02,  9.393984107211846e-01,  6.353289421097487e-01, -8.143849980730256e-02,  4.305857533035895e-02
  1.660000000000000e+00, -2.383280766527764e+00,  2.867063612098821e-01, -1.410518502850718e+00,  3.038905991291819e-01,  7.138031736714185e-01,  2.057426905175475e-01, -4.479873677358272e-01,  2.924648808608921e-01,  1.792594123360521e-02,  9.313651119886136e-01,  6.305247101703975e-01, -8.381904026665610e-02,  4.337420542578049e-02
  1.670000000000000e+00, -2.386386254306881e+00,  2.824903186325865e-01, -1.416730817307240e+00,  2.999103750072016e-01,  7.139467171578662e-01,  2.059114128923518e-01, -4.529643040347199e-01,  2.934932390210103e-01,  4.369956513541026e-03,  9.212324348572971e-01,  6.246120597150907e-01, -8.736636337066561e-02,  4.350314384941095e-02
  1.680000000000000e+00, -2.389129161728037e+00,  2.783802294122970e-01, -1.423077130569183e+00,  2.960799045460306e-01,  7.141181381008008e-01,  2.060567116535748e-01, -4.582560443030705e-01,  2.950040547255530e-01, -9.471471116607981e-03,  9.089517732106361e-01,  6.177074177371142e-01, -9.194583596030337e-02,  4.341808221666848e-02
  1.690000000000000e+00, -2.391608953103923e+00,  2.743459361878912e-01, -1.429500765390204e+00,  2.923730071786614e-01,  7.143139758623872e-01,  2.061819396693821e-01, -4.636995131601200e-01,  2.968903460208074e-01, -2.329814689142790e-02,  8.945303033869093e-01,  6.100350873300423e-01, -9.739480093615738e-02,  4.310428244503920e-02
  1.700000000000000e+00, -2.393955459226563e+00,  2.703349614953960e-01, -1.435949222912652e+00,  2.887493755222520e-01,  7.145313081837334e-01,  2.062910657459660e-01, -4.691210343071906e-01,  2.990468690434666e-01, -3.685266653163549e-02,  8.780310381278537e-01,  6.019561588570492e-01, -1.035353653066551e-01,  4.256241197736645e-02
  1.710000000000000e+00, -2.396304089873328e+00,  2.662848818917435e-01, -1.442378380162375e+00,  2.851646602969480e-01,  7.147682170465365e-01,  2.063878063027915e-01, -4.743540509693021e-01,  3.013852297935447e-01, -4.994375880898666e-02,  8.595682841211386e-01,  5.939354303224474e-01, -1.101857070772674e-01,  4.181045298368757e-02
  1.720000000000000e+00, -2.398772399687479e+00,  2.621357738615865e-01, -1.448756539669679e+00,  2.815793893114211e-01,  7.150239999899648e-01,  2.064749533049599e-01, -4.792526052422482e-01,  3.038402245789634e-01, -6.246064290256918e-02,  8.393017889520165e-01,  5.864477003247976e-01, -1.171789526264109e-01,  4.088399622333182e-02
  1.730000000000000e+00, -2.401441858473947e+00,  2.578402001503315e-01, -1.455068438392222e+00,  2.779650870155201e-01,  7.152991818506815e-01,  2.065539746788544e-01, -4.836983198357864e-01,  3.063699670586791e-01, -7.437771635877478e-02,  8.174318274195791e-01,  5.798790334760505e-01, -1.243860425985894e-01,  3.983325720505495e-02
  1.740000000000000e+00, -2.404351033169717e+00,  2.533688387307496e-01, -1.461314124049485e+00,  2.743070688360634e-01,  7.155952194313546e-01,  2.066249825918025e-01, -4.876016091256388e-01,  3.089494677264323e-01, -8.574835114753013e-02,  7.941963879221141e-01,  5.744469524460094e-01, -1.317259652984832e-01,  3.871528380323332e-02
  1.750000000000000e+00, -2.407503647852051e+00,  2.487109282055545e-01, -1.467498732792656e+00,  2.706041832519063e-01,  7.159138254322825e-01,  2.066870976274862e-01, -4.908993019672152e-01,  3.115561377523021e-01, -9.668789542554178e-02,  7.698702506008961e-01,  5.701315989523269e-01, -1.391586384080443e-01,  3.758221176588407e-02
  1.760000000000000e+00, -2.410886734016627e+00,  2.438699931688346e-01, -1.473618105788353e+00,  2.668658851962344e-01,  7.162561672744066e-01,  2.067390527619922e-01, -4.935490936144065e-01,  3.141519670828183e-01, -1.073506915097018e-01,  7.447636625439900e-01,  5.666464404986195e-01, -1.466725140321872e-01,  3.647059109892098e-02
  1.770000000000000e+00, -2.414487131263353e+00,  2.388563912069958e-01, -1.479653174343205e+00,  2.631069040523850e-01,  7.166225243536901e-01,  2.067797097111456e-01, -4.955203731251617e-01,  3.166749613809414e-01, -1.179078990142215e-01,  7.192151569976231e-01,  5.635146288903481e-01, -1.542721781391381e-01,  3.539898436532633e-02
  1.780000000000000e+00, -2.418308953400705e+00,  2.336782969494872e-01, -1.485564731495062e+00,  2.593416748542003e-01,  7.170121432930194e-01,  2.068084917361872e-01, -4.967827253687400e-01,  3.190324374001766e-01, -1.285312511593685e-01,  6.935783013836506e-01,  5.602025884763057e-01, -1.619693671353253e-01,  3.437322955380244e-02
  1.790000000000000e+00, -2.422361649348753e+00,  2.283384477520785e-01, -1.491318125441331e+00,  2.555801924701535e-01,  7.174243509518891e-01,  2.068250497678007e-01, -4.973054580592564e-01,  3.211273845530332e-01, -1.393796744665020e-01,  6.681972752034472e-01,  5.562857800726577e-01, -1.697544588604256e-01,  3.339584323172311e-02
  1.800000000000000e+00, -2.426662224190745e+00,  2.228332390645225e-01, -1.496880902994684e+00,  2.518281460344109e-01,  7.178586039215921e-01,  2.068292310622739e-01, -4.970604292381042e-01,  3.228617992067012e-01, -1.505909740578464e-01,  6.433907673904974e-01,  5.514633367470709e-01, -1.775840945370852e-01,  3.246849487041453e-02
  1.810000000000000e+00, -2.431225579097424e+00,  2.171559863911089e-01, -1.502229432900021e+00,  2.480885984294614e-01,  7.183147738320868e-01,  2.068208189054143e-01, -4.960296430225054e-01,  3.241504092685367e-01, -1.622743278694986e-01,  6.194376972794492e-01,  5.455512337318034e-01, -1.853713685675016e-01,  3.159306583415344e-02
  1.820000000000000e+00, -2.436059099686474e+00,  2.113011155409134e-01, -1.507347903132195e+00,  2.443645856396947e-01,  7.187930086693738e-01,  2.067994407188321e-01, -4.942114796352849e-01,  3.249289432970430e-01, -1.745057272770187e-01,  5.965671719847399e-01,  5.384674594856598e-01, -1.929894139887940e-01,  3.077150886403581e-02
  1.830000000000000e+00, -2.441164347047429e+00,  2.052677862219360e-01, -1.512218453493037e+00,  2.406618701075323e-01,  7.192931167782473e-01,  2.067647260929174e-01, -4.916251700039515e-01,  3.251514909384241e-01, -1.873261930325821e-01,  5.749539792608783e-01,  5.301966456627768e-01, -2.002851694496728e-01,  3.000258240811700e-02
  1.840000000000000e+00, -2.446519882190014e+00,  1.990670209501440e-01, -1.516834121912142e+00,  2.369909740890903e-01,  7.198147194273183e-01,  2.067160905643776e-01, -4.883153461889016e-01,  3.248285297565370e-01, -2.007416738546067e-01,  5.546982319249683e-01,  5.208907728068621e-01, -2.070838868167684e-01,  2.928928739992373e-02
  1.850000000000000e+00, -2.452107613320183e+00,  1.927176025283186e-01, -1.521168539349039e+00,  2.333671372464823e-01,  7.203558704245250e-01,  2.066534978783384e-01, -4.843476796158766e-01,  3.239696465103396e-01, -2.147239431750141e-01,  5.358467302431044e-01,  5.106685634124384e-01, -2.132353387395138e-01,  2.862653235313042e-02
  1.860000000000000e+00, -2.457890217893052e+00,  1.862520090374592e-01, -1.525200693491767e+00,  2.298102734625496e-01,  7.209137189185704e-01,  2.065771046133393e-01, -4.798082954654647e-01,  3.226234563261373e-01, -2.292172048321550e-01,  5.183824344755896e-01,  4.997300848396931e-01, -2.186180881614226e-01,  2.801081946984600e-02
  1.870000000000000e+00, -2.463828625804665e+00,  1.797118505365211e-01, -1.528899073807402e+00,  2.263434356058917e-01,  7.214838248820847e-01,  2.064877459159338e-01, -4.748003710281256e-01,  3.208255223681136e-01, -2.441446298825638e-01,  5.022619224051994e-01,  4.881456176230192e-01, -2.231723845229061e-01,  2.742451129360127e-02
  1.880000000000000e+00, -2.469864022552271e+00,  1.731491834719691e-01, -1.532249269432555e+00,  2.229903424587636e-01,  7.220613166254237e-01,  2.063864660539579e-01, -4.694348163010788e-01,  3.186518589406496e-01, -2.594193125392774e-01,  4.874029608951593e-01,  4.760617406222942e-01, -2.268893011974920e-01,  2.685224486089110e-02
  1.890000000000000e+00, -2.475933678148129e+00,  1.666192346363616e-01, -1.535244834363342e+00,  2.197726010659643e-01,  7.226408776983696e-01,  2.062747144791221e-01, -4.638253371896930e-01,  3.161777500450003e-01, -2.749480139289012e-01,  4.737155972081848e-01,  4.635531917302336e-01, -2.298303142066120e-01,  2.627214711673360e-02
  1.900000000000000e+00, -2.481970751048249e+00,  1.601772245941079e-01, -1.537894028136570e+00,  2.167078613641047e-01,  7.232173715960364e-01,  2.061541253681937e-01, -4.580830054876449e-01,  3.134839404234787e-01, -2.906350508845936e-01,  4.611048996486110e-01,  4.506646442309453e-01, -2.321177022813017e-01,  2.566327200973473e-02
  1.910000000000000e+00, -2.487910104170325e+00,  1.538740339347359e-01, -1.540218295218597e+00,  2.138085335531354e-01,  7.237862021757429e-01,  2.060264030101412e-01, -4.523120692937004e-01,  3.106525164226469e-01, -3.063845570509218e-01,  4.494749549782544e-01,  4.374221707013130e-01, -2.339174392242289e-01,  2.501082941763315e-02
  1.920000000000000e+00, -2.493695443328494e+00,  1.477515815762805e-01, -1.542248028062058e+00,  2.110809059163838e-01,  7.243436030823243e-01,  2.058932170685440e-01, -4.466070262597603e-01,  3.077612487307981e-01, -3.221026485682892e-01,  4.387334177425167e-01,  4.238436243578875e-01, -2.354165240026818e-01,  2.430871339742465e-02
  1.930000000000000e+00, -2.499284973834482e+00,  1.418392664794965e-01, -1.544017773911801e+00,  2.085249322755200e-01,  7.248868445681178e-01,  2.057560969238588e-01, -4.410506399925324e-01,  3.048773522748514e-01, -3.377000059400412e-01,  4.287970676947452e-01,  4.099474334548026e-01, -2.367966604750311e-01,  2.355903757644612e-02
  1.940000000000000e+00, -2.504654622423184e+00,  1.361525017047240e-01, -1.545561046204645e+00,  2.061349282489422e-01,  7.254142534210412e-01,  2.056163689347680e-01, -4.357132113876529e-01,  3.020472426526408e-01, -3.530942429524178e-01,  4.196000958040214e-01,  3.957398023515016e-01, -2.382084674816973e-01,  2.276843543639140e-02
  1.950000000000000e+00, -2.509794857530547e+00,  1.306940597134601e-01, -1.546910679789066e+00,  2.039007542694994e-01,  7.259252754764138e-01,  2.054750360525069e-01, -4.306424748400486e-01,  2.993158308768788e-01, -3.682158419785997e-01,  4.110783675480390e-01,  3.813716820113211e-01, -2.397305786222899e-01,  2.195655057613579e-02
  1.960000000000000e+00, -2.514716061325976e+00,  1.254561631840223e-01, -1.548084131837905e+00,  2.018103961801787e-01,  7.264196011702018e-01,  2.053330966455134e-01, -4.258767655607968e-01,  2.966821450883602e-01, -3.830030767149327e-01,  4.031973139433497e-01,  3.669148836200588e-01, -2.413860880094527e-01,  2.113589549923326e-02
  1.970000000000000e+00, -2.519444615796169e+00,  1.204246441362604e-01, -1.549081018541306e+00,  1.998519801253357e-01,  7.268967110777321e-01,  2.051916675029846e-01, -4.214441027439152e-01,  2.941149697958772e-01, -3.974029482676589e-01,  3.959383654214494e-01,  3.524375619142366e-01, -2.431368151185989e-01,  2.031525830991537e-02
  1.980000000000000e+00, -2.524007212941733e+00,  1.155858767646566e-01, -1.549896578295126e+00,  1.980151621542952e-01,  7.273560193080675e-01,  2.050518091773136e-01, -4.173572263859034e-01,  2.915960572346157e-01, -4.113712017325802e-01,  3.892688760187245e-01,  3.381618690012508e-01, -2.448696126580274e-01,  1.951215961935194e-02
  1.990000000000000e+00, -2.528434724926544e+00,  1.109270349129969e-01, -1.550514918969864e+00,  1.962916532426502e-01,  7.277964322473485e-01,  2.049147427008886e-01, -4.136293903258108e-01,  2.890880490215454e-01, -4.248686360261359e-01,  3.831708887361537e-01,  3.242413373097361e-01, -2.464481461102317e-01,  1.873654508767032e-02
  2.000000000000000e+00, -2.532754703550403e+00,  1.064383661449877e-01, -1.550918045107600e+00,  1.946750859208131e-01,  7.282166129115988e-01,  2.047817079793888e-01, -4.102816095426211e-01,  2.865366192650670e-01, -4.378592671166113e-01,  3.776445368014680e-01,  3.107028457452957e-01, -2.477467398601121e-01,  1.798832428799419e-02
  2.010000000000000e+00, -2.536980114546370e+00,  1.021154317284173e-01, -1.551101910413667e+00,  1.931602493688218e-01,  7.286156589692682e-01,  2.046536241505347e-01, -4.073297013513552e-01,  2.839166457029959e-01, -4.503170278675803e-01,  3.726741221396411e-01,  2.976766221828179e-01, -2.486330080560260e-01,  1.727454485159475e-02
  2.020000000000000e+00, -2.541116898447997e+00,  9.795849608249316e-02, -1.551065430871809e+00,  1.917436553992304e-01,  7.289925079859552e-01,  2.045313908916536e-01, -4.047985063443128e-01,  2.811975892470260e-01, -4.622244047450821e-01,  3.682564872414339e-01,  2.852068006993184e-01, -2.490120296273768e-01,  1.659459635865244e-02
  2.030000000000000e+00, -2.545158051850741e+00,  9.397508223711322e-02, -1.550817058912275e+00,  1.904237017568788e-01,  7.293460501328817e-01,  2.044158117210810e-01, -4.027098861820159e-01,  2.783777631984183e-01, -4.735780922824571e-01,  3.643746744355308e-01,  2.734503567096215e-01, -2.487919998697297e-01,  1.595518075227342e-02
  2.040000000000000e+00, -2.549091289022923e+00,  9.018085823086266e-02, -1.550360879883828e+00,  1.892019715178035e-01,  7.296742086948639e-01,  2.043080379732131e-01, -4.010998452108917e-01,  2.754418212411666e-01, -4.843829353833789e-01,  3.610283725111190e-01,  2.624526825090241e-01, -2.479214612465153e-01,  1.535390887472428e-02
  2.050000000000000e+00, -2.552892638846662e+00,  8.660263336811180e-02, -1.549703409304922e+00,  1.880834764996407e-01,  7.299740072848013e-01,  2.042095160455052e-01, -4.000089175126085e-01,  2.723854017941084e-01, -4.946504818900330e-01,  3.582079268686488e-01,  2.522861366603363e-01, -2.463624767999195e-01,  1.479111564304658e-02
  2.060000000000000e+00, -2.556527623904114e+00,  8.327678745055084e-02, -1.548854968060462e+00,  1.870758748799648e-01,  7.302417627251421e-01,  2.041219292812499e-01, -3.994780498103729e-01,  2.692122308232230e-01, -5.043920437133668e-01,  3.558949053981387e-01,  2.430126142527281e-01, -2.440989191632537e-01,  1.426845666665428e-02
  2.070000000000000e+00, -2.559953479044748e+00,  8.024298428864098e-02, -1.547836654925596e+00,  1.861868248808829e-01,  7.304740844813721e-01,  2.040467945417583e-01, -3.995297568849775e-01,  2.659463262216348e-01, -5.136123529971747e-01,  3.540549819402912e-01,  2.347178308005787e-01, -2.411306092033167e-01,  1.379201283598496e-02
  2.080000000000000e+00, -2.563130042992881e+00,  7.753313731591781e-02, -1.546679155025197e+00,  1.854206855210498e-01,  7.306689003276459e-01,  2.039850833633138e-01, -4.001571157151730e-01,  2.626096485246336e-01, -5.222971933588351e-01,  3.526609083090944e-01,  2.273449868688027e-01, -2.375108057133037e-01,  1.335845874048823e-02
  2.090000000000000e+00, -2.566016724613773e+00,  7.516168007095990e-02, -1.545443159921184e+00,  1.847740508204860e-01,  7.308276593764856e-01,  2.039362336751860e-01, -4.012804852512162e-01,  2.592729662130856e-01, -5.304097545061457e-01,  3.516544301783187e-01,  2.209398331410514e-01, -2.332957698347555e-01,  1.297234789046359e-02
  2.100000000000000e+00, -2.568582020209166e+00,  7.311595849881623e-02, -1.544217115037041e+00,  1.842332536053576e-01,  7.309562071123394e-01,  2.038978004411074e-01, -4.027430366362585e-01,  2.560350104349149e-01, -5.378811671356833e-01,  3.509664111675627e-01,  2.155096173906489e-01, -2.285760777330150e-01,  1.263405750622318e-02
  2.110000000000000e+00, -2.570805647407410e+00,  7.135605390421260e-02, -1.543112533338230e+00,  1.837749559153151e-01,  7.310645742486925e-01,  2.038655347087035e-01, -4.043165210826677e-01,  2.530227059674732e-01, -5.446132908928151e-01,  3.505133231023657e-01,  2.110588262411227e-01, -2.234685628495987e-01,  1.234167603716324e-02
  2.120000000000000e+00, -2.572678109077295e+00,  6.982716094141733e-02, -1.542243919022319e+00,  1.833716942343974e-01,  7.311645893653781e-01,  2.038344016658309e-01, -4.057382085552088e-01,  2.503721101292057e-01, -5.504909683882473e-01,  3.502023917697933e-01,  2.075869743280289e-01, -2.181146752622976e-01,  1.209073054541509e-02
  2.130000000000000e+00, -2.574195885295229e+00,  6.848070082082912e-02, -1.541702993891802e+00,  1.830003536922192e-01,  7.312662586560346e-01,  2.038001238035686e-01, -4.067623688718805e-01,  2.482039488716730e-01, -5.554004660203611e-01,  3.499392753602069e-01,  2.050888812696595e-01, -2.126758014075971e-01,  1.187543369386821e-02
  2.140000000000000e+00, -2.575355159461941e+00,  6.729334382226845e-02, -1.541539524241650e+00,  1.826493017381102e-01,  7.313747136269363e-01,  2.037604855651363e-01, -4.072042996393031e-01,  2.466044368492550e-01, -5.592457175889272e-01,  3.496367519802639e-01,  2.035515527906908e-01, -2.073267222512230e-01,  1.169037414799468e-02
  2.150000000000000e+00, -2.576147430571662e+00,  6.627553782017319e-02, -1.541756005283780e+00,  1.823211386372946e-01,  7.314889949228128e-01,  2.037158645305194e-01, -4.069634703502849e-01,  2.456181331170456e-01, -5.619566993526144e-01,  3.492227925918166e-01,  2.029478798841330e-01, -2.022498257659824e-01,  1.153089650885059e-02
  2.160000000000000e+00, -2.576558951825010e+00,  6.546796992729928e-02, -1.542314856818631e+00,  1.820308161135896e-01,  7.316027663168873e-01,  2.036689497975349e-01, -4.060249802288102e-01,  2.452521788588263e-01, -5.634900227555525e-01,  3.486484422663065e-01,  2.032347958069628e-01, -1.976299499048679e-01,  1.139228778265192e-02
  2.170000000000000e+00, -2.576572968735007e+00,  6.492966941933744e-02, -1.543153679979502e+00,  1.818007091421646e-01,  7.317063572844551e-01,  2.036238881527341e-01, -4.044454992133866e-01,  2.454879062850946e-01, -5.638241158669480e-01,  3.478952021180732e-01,  2.043572390367262e-01, -1.936470535636614e-01,  1.126919874919789e-02
  2.180000000000000e+00, -2.576171590197589e+00,  6.472411008767709e-02, -1.544203929595790e+00,  1.816549825026544e-01,  7.317892519348189e-01,  2.035852112484816e-01, -4.023322667343209e-01,  2.462955702905076e-01, -5.629514132240924e-01,  3.469792746361557e-01,  2.062540169109728e-01, -1.904646773618310e-01,  1.115573020258821e-02
  2.190000000000000e+00, -2.575338022873555e+00,  6.490828427506205e-02, -1.545403825862503e+00,  1.816154469341865e-01,  7.318419863272031e-01,  2.035570015074449e-01, -3.998232629989995e-01,  2.476446108952235e-01, -5.608707629205459e-01,  3.459521407052190e-01,  2.088623960228366e-01, -1.882146697465770e-01,  1.104579852618907e-02
  2.200000000000000e+00, -2.574063361915472e+00,  6.552581097725894e-02, -1.546696549489200e+00,  1.816998506916939e-01,  7.318567929309573e-01,  2.035426227412175e-01, -3.970732664304318e-01,  2.495015988055461e-01, -5.575831376082235e-01,  3.448990917303014e-01,  2.121204584036819e-01, -1.869811728225357e-01,  1.093374772541196e-02
  2.210000000000000e+00, -2.572356385177198e+00,  6.660307752361862e-02, -1.548018478854923e+00,  1.819218523114688e-01,  7.318273455187769e-01,  2.035448632441205e-01, -3.942446603882505e-01,  2.518191429804753e-01, -5.530920795101394e-01,  3.439361164134585e-01,  2.159684866820139e-01, -1.867885028385745e-01,  1.081530942342448e-02
  2.220000000000000e+00, -2.570248301502375e+00,  6.814738171564902e-02, -1.549293837393851e+00,  1.822910145691630e-01,  7.317486661265620e-01,  2.035659833963872e-01, -3.914969692197381e-01,  2.545304389659966e-01, -5.474084210049748e-01,  3.432059011718657e-01,  2.203490113059201e-01, -1.875975055211838e-01,  1.068890632802477e-02
  2.230000000000000e+00, -2.567787847461985e+00,  7.014678037442233e-02, -1.550444437159487e+00,  1.828119987122344e-01,  7.316177372952133e-01,  2.036074060570046e-01, -3.889718020202615e-01,  2.575578815364509e-01, -5.405565416491644e-01,  3.428736415735010e-01,  2.252048098626896e-01, -1.893125026764644e-01,  1.055742603535820e-02
  2.240000000000000e+00, -2.565028721562598e+00,  7.257383918033485e-02, -1.551407059765776e+00,  1.834842018741450e-01,  7.314341532741913e-01,  2.036693582096869e-01, -3.867783312245139e-01,  2.608287818585300e-01, -5.325783904899576e-01,  3.431201553184876e-01,  2.304806333309544e-01, -1.917942605959688e-01,  1.043010590048107e-02
  2.250000000000000e+00, -2.562012223899692e+00,  7.539621257190003e-02, -1.552147987672359e+00,  1.843036433640911e-01,  7.311999012274797e-01,  2.037508753389524e-01, -3.849869660034805e-01,  2.642892056518427e-01, -5.235334173030777e-01,  3.441294711514329e-01,  2.361356148927706e-01, -1.948716672800819e-01,  1.032336877603827e-02
  2.260000000000000e+00, -2.558749648481571e+00,  7.859114530743934e-02, -1.552670559546520e+00,  1.852667123088789e-01,  7.309183469829318e-01,  2.038501488470214e-01, -3.836321699450422e-01,  2.679128273489497e-01, -5.134947707150156e-01,  3.460716601832941e-01,  2.421622443361025e-01, -1.983523206835696e-01,  1.026038508454780e-02
  2.270000000000000e+00, -2.555214375153990e+00,  8.215508250912451e-02, -1.553012178146212e+00,  1.863734780786073e-01,  7.305931162945403e-01,  2.039649636635856e-01, -3.827187022988634e-01,  2.717005566155392e-01, -5.025423890666229e-01,  3.490835592768737e-01,  2.486010952853369e-01, -2.020363319904290e-01,  1.027016549706709e-02
  2.280000000000000e+00, -2.551351725683615e+00,  8.610224820252502e-02, -1.553227285041993e+00,  1.876288941875398e-01,  7.302272686334293e-01,  2.040931040266487e-01, -3.822261951465223e-01,  2.756664842977837e-01, -4.907538663547924e-01,  3.532507087370663e-01,  2.555444363808247e-01, -2.057324079279756e-01,  1.038566837181089e-02
  2.290000000000000e+00, -2.547103721253431e+00,  9.045312994576829e-02, -1.553361266799670e+00,  1.890415830660711e-01,  7.298229328615961e-01,  2.042326492215535e-01, -3.821109580689294e-01,  2.798149855037317e-01, -4.781957900499438e-01,  3.585965438635472e-01,  2.631257494813671e-01, -2.092720105671357e-01,  1.063997746722710e-02
  2.300000000000000e+00, -2.542437076340727e+00,  9.521854118141201e-02, -1.553427821756759e+00,  1.906207187739267e-01,  7.293815439388185e-01,  2.043820454179425e-01, -3.823056682052380e-01,  2.841218221701808e-01, -4.649186958673647e-01,  3.650840324349453e-01,  2.714970917548125e-01, -2.125207500092832e-01,  1.106163144706580e-02
  2.310000000000000e+00, -2.537362289693593e+00,  1.003869240556194e-01, -1.553398943723495e+00,  1.923725375407789e-01,  7.289044400804117e-01,  2.045399938287120e-01, -3.827191712437742e-01,  2.885280671803058e-01, -4.509562378118362e-01,  3.726275943580380e-01,  2.808002537532283e-01, -2.153903253550180e-01,  1.167060924314525e-02
  2.320000000000000e+00, -2.531937651114497e+00,  1.059208339911590e-01, -1.553207768003463e+00,  1.942984197780881e-01,  7.283932698078214e-01,  2.047053454475613e-01, -3.832400840835475e-01,  2.929464267518688e-01, -4.363266741747305e-01,  3.811082278024423e-01,  2.911370616595422e-01, -2.178521303227279e-01,  1.247498209622451e-02
  2.330000000000000e+00, -2.526259366590454e+00,  1.117626863918112e-01, -1.552760378957290e+00,  1.963951336606918e-01,  7.278500226470951e-01,  2.048770693235821e-01, -3.837458376996727e-01,  2.972758475747354e-01, -4.210349434304833e-01,  3.903871061108618e-01,  3.025449411540097e-01, -2.199483509638602e-01,  1.346826951603190e-02
  2.340000000000000e+00, -2.520443022870929e+00,  1.178452670408769e-01, -1.551953280482377e+00,  1.986562974024230e-01,  7.272769677214354e-01,  2.050541922937037e-01, -3.841154839002016e-01,  3.014205564202365e-01, -4.050755005595324e-01,  4.003169196535697e-01,  3.149831381802474e-01, -2.217947940214033e-01,  1.462841299959248e-02
  2.350000000000000e+00, -2.514602817213082e+00,  1.241032933753962e-01, -1.550690524566963e+00,  2.010745295821809e-01,  7.266765359137191e-01,  2.052357250825423e-01, -3.842451401565301e-01,  3.053018837372853e-01, -3.884364438782464e-01,  4.107546910967347e-01,  3.283045458036745e-01, -2.235739764016511e-01,  1.591659638569545e-02
  2.360000000000000e+00, -2.508826382616290e+00,  1.304855180110856e-01, -1.548904263828484e+00,  2.036439670322145e-01,  7.260514280581617e-01,  2.054204354709368e-01, -3.840520604070026e-01,  3.088896622175649e-01, -3.711092981206871e-01,  4.215503159143426e-01,  3.423991667596611e-01, -2.254815741487679e-01,  1.728998181060840e-02
  2.370000000000000e+00, -2.503167348743459e+00,  1.369621136595478e-01, -1.546551080309289e+00,  2.063637334613261e-01,  7.254038737090345e-01,  2.056070426407944e-01, -3.834946005244655e-01,  3.121665616117074e-01, -3.530939951984609e-01,  4.325741991813966e-01,  3.570250189246694e-01, -2.277244676629910e-01,  1.869203747961260e-02
  2.380000000000000e+00, -2.497635783992744e+00,  1.435270056307754e-01, -1.543619475562351e+00,  2.092389658794811e-01,  7.247360078652267e-01,  2.057939365789353e-01, -3.825656226464884e-01,  3.151494889524465e-01, -3.344103198034635e-01,  4.437003234649490e-01,  3.719623035939069e-01, -2.304621408850125e-01,  2.006949322533925e-02
  2.390000000000000e+00, -2.492204909215233e+00,  1.501929361976292e-01, -1.540123310042759e+00,  2.122804237533478e-01,  7.240500698822088e-01,  2.059790967683312e-01, -3.812910338043989e-01,  3.178778190812471e-01, -3.151017405678935e-01,  4.548139633120487e-01,  3.869849103940569e-01, -2.337919358610958e-01,  2.137514063569777e-02
  2.400000000000000e+00, -2.486822570280325e+00,  1.569836927976959e-01, -1.536093863856633e+00,  2.155029301172518e-01,  7.233487079396536e-01,  2.061600314466796e-01, -3.797217394586791e-01,  3.204070069924168e-01, -2.952335657930459e-01,  4.658134573178934e-01,  4.018688545509255e-01, -2.377377492118069e-01,  2.257192501298868e-02
  2.410000000000000e+00, -2.481425257605921e+00,  1.639246391327186e-01, -1.531572684695967e+00,  2.189226603252027e-01,  7.226353687657141e-01,  2.063337481052058e-01, -3.779221962078629e-01,  3.228024508638589e-01, -2.748867123620248e-01,  4.766113943941065e-01,  4.164071712413727e-01, -2.422485434480295e-01,  2.363485401715012e-02
  2.420000000000000e+00, -2.475952130081640e+00,  1.710325284339604e-01, -1.526607919390907e+00,  2.225532082499295e-01,  7.219147874563692e-01,  2.064967512719689e-01, -3.759577153508854e-01,  3.251336336333532e-01, -2.541510985717459e-01,  4.871386848773074e-01,  4.304212281101873e-01, -2.472056697407450e-01,  2.454972810867670e-02
  2.430000000000000e+00, -2.470353079702539e+00,  1.783090179666920e-01, -1.521255255331052e+00,  2.264021390517921e-01,  7.211932931275193e-01,  2.066451124034485e-01, -3.738846707036272e-01,  3.274757416083625e-01, -2.331210655687917e-01,  4.973456226966327e-01,  4.437893306497056e-01, -2.524327127791590e-01,  2.531164107342685e-02
  2.440000000000000e+00, -2.464597833600634e+00,  1.857397488326405e-01, -1.515567681266687e+00,  2.304705829234061e-01,  7.204780867403332e-01,  2.067749076274030e-01, -3.717532767831273e-01,  3.298779932011911e-01, -2.118903982581091e-01,  5.072201541904159e-01,  4.563010424010105e-01, -2.577295222904474e-01,  2.591266505639712e-02
  2.450000000000000e+00, -2.458665997464459e+00,  1.932995651630255e-01, -1.509603890541759e+00,  2.347538668850040e-01,  7.197770597822049e-01,  2.068822783988211e-01, -3.696019550568935e-01,  3.324020515845312e-01, -1.905535625802315e-01,  5.167598350514327e-01,  4.678568662723881e-01, -2.628713198796737e-01,  2.635414365351849e-02
  2.460000000000000e+00, -2.452552127496487e+00,  2.009563591343507e-01, -1.503414563958837e+00,  2.392438169891246e-01,  7.190976949888755e-01,  2.069638828941905e-01, -3.674648206114019e-01,  3.350873130656420e-01, -1.692026175318087e-01,  5.259851685544029e-01,  4.783286211164735e-01, -2.676525469193876e-01,  2.663748350728752e-02
  2.470000000000000e+00, -2.446260053729818e+00,  2.086757680328721e-01, -1.497043445379157e+00,  2.439303997997513e-01,  7.184467458068557e-01,  2.070169521163637e-01, -3.653731305989714e-01,  3.379564646518914e-01, -1.479274791339956e-01,  5.349289474556042e-01,  4.876087600150314e-01, -2.719033713030601e-01,  2.676710523352935e-02
  2.480000000000000e+00, -2.439798706541087e+00,  2.164248881979536e-01, -1.490527011651788e+00,  2.488033827778359e-01,  7.178299974695010e-01,  2.070392977644337e-01, -3.633586015870234e-01,  3.410160190508550e-01, -1.268169544674646e-01,  5.436309433208807e-01,  4.956230292876210e-01, -2.755010815890384e-01,  2.674981198526217e-02
  2.490000000000000e+00, -2.433180418664563e+00,  2.241742978375903e-01, -1.483892996263240e+00,  2.538535429584505e-01,  7.172521437416275e-01,  2.070292860177470e-01, -3.614550821101032e-01,  3.442569713151544e-01, -1.059612282378811e-01,  5.521355479664188e-01,  5.023382775908515e-01, -2.783739967844110e-01,  2.659388196504833e-02
  2.500000000000000e+00, -2.426420736978061e+00,  2.318984900891565e-01, -1.477159559373524e+00,  2.590731331769585e-01,  7.167168152721100e-01,  2.069857781440125e-01, -3.596979826558597e-01,  3.476551307721953e-01, -8.545489657021088e-02,  5.604927106170553e-01,  5.077618059769502e-01, -2.805017417083122e-01,  2.630947594529792e-02
  2.510000000000000e+00, -2.419538977770239e+00,  2.395751397014924e-01, -1.470335822707639e+00,  2.644555811824995e-01,  7.162267218786541e-01,  2.069080609119096e-01, -3.581219258030401e-01,  3.511715931221305e-01, -6.539839955416095e-02,  5.687605665116037e-01,  5.119333610956170e-01, -2.819123065705349e-01,  2.591043342073893e-02
  2.520000000000000e+00, -2.412559748754003e+00,  2.471829711326010e-01, -1.463424363608895e+00,  2.699940138567525e-01,  7.157838814145859e-01,  2.067958071813641e-01, -3.567560694965417e-01,  3.547545307668378e-01, -4.589562927599703e-02,  5.770077315138005e-01,  5.149209142003408e-01, -2.826702440550677e-01,  2.541538492841559e-02
  2.530000000000000e+00, -2.405514170784306e+00,  2.546991288366456e-01, -1.456425957042284e+00,  2.756789107839858e-01,  7.153898577042779e-01,  2.066490872386529e-01, -3.556181793075411e-01,  3.583430929394112e-01, -2.704769122217560e-02,  5.853131239683929e-01,  5.168281221128038e-01, -2.828529089924730e-01,  2.484668553435860e-02
  2.540000000000000e+00, -2.398438859966999e+00,  2.620978705566593e-01, -1.449345238126980e+00,  2.814961561903543e-01,  7.150458958418067e-01,  2.064684087649946e-01, -3.547107826240110e-01,  3.618724397164036e-01, -8.945758226412616e-03,  5.937625689950189e-01,  5.178060671654996e-01, -2.825257904253755e-01,  2.422828990306806e-02
  2.550000000000000e+00, -2.391373807910140e+00,  2.693501346421937e-01, -1.442196139456757e+00,  2.874254837641632e-01,  7.147529538856630e-01,  2.062547856202301e-01, -3.540204506325769e-01,  3.652778263855362e-01,  8.334132606451921e-03,  6.024450128297945e-01,  5.180548816075434e-01, -2.817317867468210e-01,  2.358389157521644e-02
  2.560000000000000e+00, -2.384362792049906e+00,  2.764225428330927e-01, -1.435004993189566e+00,  2.934385835897391e-01,  7.145115897791824e-01,  2.060099027644837e-01, -3.535186675661257e-01,  3.684958238486711e-01,  2.473451451571194e-02,  6.114507228643392e-01,  5.178079896620804e-01, -2.804938798191323e-01,  2.293524225906431e-02
  2.570000000000000e+00, -2.377456094799272e+00,  2.832764800419502e-01, -1.427810346212041e+00,  2.994973602645849e-01,  7.143216753061763e-01,  2.057363609940151e-01, -3.531636112823980e-01,  3.714637140261662e-01,  4.021893532751558e-02,  6.208701087186371e-01,  5.173055929523246e-01, -2.788189051084964e-01,  2.230105722729726e-02
  2.580000000000000e+00, -2.370718468270662e+00,  2.898666747888090e-01, -1.420656864978078e+00,  3.055521256233394e-01,  7.141818753704321e-01,  2.054380484776521e-01, -3.528993612675783e-01,  3.741051743562018e-01,  5.477609751544477e-02,  6.307955748208871e-01,  5.167264139391843e-01, -2.767026915825710e-01,  2.169427531730315e-02
  2.590000000000000e+00, -2.364202353192738e+00,  2.961492385217409e-01, -1.413614779236077e+00,  3.115453545015701e-01,  7.140901614920661e-01,  2.051196170300126e-01, -3.526727924792602e-01,  3.763917047998808e-01,  6.840444986113511e-02,  6.412989855411099e-01,  5.163600512318706e-01, -2.740987489056339e-01,  2.113410317689962e-02
  2.600000000000000e+00, -2.357986902918009e+00,  3.020741937459963e-01, -1.406743178913384e+00,  3.174084323378273e-01,  7.140423648075679e-01,  2.047874449715817e-01, -3.524186095180091e-01,  3.782515277216243e-01,  8.113042521754218e-02,  6.524538649586646e-01,  5.163172310562661e-01, -2.709694931669997e-01,  2.062910424859540e-02
  2.610000000000000e+00, -2.352151472202247e+00,  3.075943725389920e-01, -1.400105264560840e+00,  3.230675319173335e-01,  7.140328602938312e-01,  2.044489053026315e-01, -3.520769033764135e-01,  3.796309358734031e-01,  9.299334720196356e-02,  6.643107562308398e-01,  5.167234803546877e-01, -2.672694570484684e-01,  2.019014798734513e-02
  2.620000000000000e+00, -2.346776527273576e+00,  3.126678193138643e-01, -1.393758619771450e+00,  3.284476076224732e-01,  7.140545742796646e-01,  2.041121259247423e-01, -3.515963568594095e-01,  3.804825590846679e-01,  1.040415909865900e-01,  6.769003808795135e-01,  5.176715304604468e-01, -2.629622587198472e-01,  1.982825607370408e-02
  2.630000000000000e+00, -2.341933619378983e+00,  3.172624208034304e-01, -1.387753496852303e+00,  3.334786481923971e-01,  7.140995351396677e-01,  2.037853346332228e-01, -3.509411230216138e-01,  3.807715158574780e-01,  1.143204882689953e-01,  6.902346196954275e-01,  5.192312531185271e-01, -2.580227424075821e-01,  1.955486463968299e-02
  2.640000000000000e+00, -2.337674384962326e+00,  3.213601235053474e-01, -1.382131826768682e+00,  3.381025342432527e-01,  7.141596339579087e-01,  2.034760667454705e-01, -3.500971968732571e-01,  3.804799535245778e-01,  1.238579270332809e-01,  7.043091379043406e-01,  5.214628792938037e-01, -2.524368057441690e-01,  1.938180287200928e-02
  2.650000000000000e+00, -2.334011935121175e+00,  3.249636475995255e-01, -1.376928463979349e+00,  3.422830516276369e-01,  7.142277297131358e-01,  2.031900072071282e-01, -3.490842718546420e-01,  3.796208839213084e-01,  1.326416385811842e-01,  7.191069152168742e-01,  5.244388961421739e-01, -2.462000817819425e-01,  1.932253055619213e-02
  2.660000000000000e+00, -2.330953849501999e+00,  3.280821221610044e-01, -1.372161737552257e+00,  3.459948155239136e-01,  7.142971931428395e-01,  2.029319279157494e-01, -3.479280817235740e-01,  3.781900749726037e-01,  1.406506710586384e-01,  7.345972611607320e-01,  5.281865173717397e-01, -2.393398187948987e-01,  1.938697586623708e-02
  2.670000000000000e+00, -2.328450550852704e+00,  3.307503771374215e-01, -1.367846083280572e+00,  3.492445879121059e-01,  7.143638879172691e-01,  2.027033795964725e-01, -3.466998525839445e-01,  3.762323180647013e-01,  1.478044765642385e-01,  7.507363235315676e-01,  5.327593440732772e-01, -2.318958522049732e-01,  1.958832354749454e-02
  2.680000000000000e+00, -2.326445731751718e+00,  3.330064641245747e-01, -1.363985366377050e+00,  3.520494862349222e-01,  7.144248850553424e-01,  2.025046948937843e-01, -3.454780173490865e-01,  3.737855676989628e-01,  1.540158340722404e-01,  7.674630273891700e-01,  5.381523544966768e-01, -2.239375618972219e-01,  1.993752311695813e-02
  2.690000000000000e+00, -2.324889194434582e+00,  3.348829157974786e-01, -1.360582080011659e+00,  3.544261367750967e-01,  7.144780077912648e-01,  2.023358749527838e-01, -3.443386764038640e-01,  3.708840315887796e-01,  1.592064584202738e-01,  7.846959634398110e-01,  5.442989810601414e-01, -2.155534130904762e-01,  2.044358239381328e-02
  2.700000000000000e+00, -2.323760780439071e+00,  3.363936038884333e-01, -1.357645719351296e+00,  3.563740346885257e-01,  7.145208121351737e-01,  2.021981109615311e-01, -3.433373332884983e-01,  3.675510498317197e-01,  1.633320845775437e-01,  8.023298952652202e-01,  5.510681241618779e-01, -2.068427732472760e-01,  2.111147286428044e-02
  2.710000000000000e+00, -2.323086555116604e+00,  3.375249538281708e-01, -1.355199401897061e+00,  3.578634658351374e-01,  7.145497406776199e-01,  2.020949379189548e-01, -3.424956232597756e-01,  3.637966858319984e-01,  1.663979830967787e-01,  8.202338786384625e-01,  5.582829468639934e-01, -1.979059498479370e-01,  2.194049033211152e-02
  2.720000000000000e+00, -2.322938925469738e+00,  3.382356678702632e-01, -1.353282012395008e+00,  3.588340337357626e-01,  7.145599377598044e-01,  2.020324121682104e-01, -3.417995169010286e-01,  3.596217834022368e-01,  1.684560621792797e-01,  8.382539192520104e-01,  5.657511231648364e-01, -1.888326167766814e-01,  2.292396977686126e-02
  2.730000000000000e+00, -2.323419807504372e+00,  3.384654514217145e-01, -1.351944229822607e+00,  3.592054139136411e-01,  7.145459237269796e-01,  2.020181193882969e-01, -3.412109220362474e-01,  3.550268359843871e-01,  1.695833052416975e-01,  8.562197600643610e-01,  5.732886436423157e-01, -1.796967936551928e-01,  2.405017717434122e-02
  2.740000000000000e+00, -2.324633618600604e+00,  3.381493893923049e-01, -1.351239062288319e+00,  3.588966068185283e-01,  7.145029210081459e-01,  2.020593459210710e-01, -3.406879636998023e-01,  3.500215968296693e-01,  1.698509709715779e-01,  8.739516408116734e-01,  5.807302758761648e-01, -1.705632677351909e-01,  2.530413088902039e-02
  2.750000000000000e+00, -2.326659022988609e+00,  3.372333696533927e-01, -1.351209906711696e+00,  3.578473170643982e-01,  7.144283725716541e-01,  2.021610289053578e-01, -3.402064979930206e-01,  3.446325935477762e-01,  1.692960083579215e-01,  8.912629163575260e-01,  5.879343832856635e-01, -1.614976122017955e-01,  2.666949838902546e-02
  2.760000000000000e+00, -2.329526129029681e+00,  3.356871401568355e-01, -1.351879693772228e+00,  3.560357232570056e-01,  7.143231556409891e-01,  2.023240776530406e-01, -3.397773530861236e-01,  3.389078208170417e-01,  1.679019359988748e-01,  9.079583168631516e-01,  5.947899691459874e-01, -1.525709315493746e-01,  2.812970346167047e-02
  2.770000000000000e+00, -2.333211267708545e+00,  3.335089744263484e-01, -1.353244668035277e+00,  3.534841014194751e-01,  7.141918103223136e-01,  2.025449222073298e-01, -3.394493664866322e-01,  3.329115297097199e-01,  1.656036741826643e-01,  9.238282158021964e-01,  6.012237739928066e-01, -1.438606021890385e-01,  2.966772901082434e-02
  2.780000000000000e+00, -2.337606900019080e+00,  3.307429308901871e-01, -1.355270382075841e+00,  3.502752882295172e-01,  7.140431510371574e-01,  2.028141935262861e-01, -3.393399372699099e-01,  3.267515619190218e-01,  1.622634211054352e-01,  9.386484835094122e-01,  6.071989730854473e-01, -1.354493399753434e-01,  3.126915172824984e-02
  2.790000000000000e+00, -2.342581086560037e+00,  3.274517334965817e-01, -1.357899220297634e+00,  3.465162823235509e-01,  7.138873299589037e-01,  2.031204033829428e-01, -3.395851092644289e-01,  3.205318806921104e-01,  1.577585801597061e-01,  9.521646653201631e-01,  6.127195614500702e-01, -1.274307597050468e-01,  3.291791426096603e-02
  2.800000000000000e+00, -2.347963527651548e+00,  3.237256007209423e-01, -1.361053359609800e+00,  3.423420544779303e-01,  7.137353769000453e-01,  2.034499187579421e-01, -3.403585907656919e-01,  3.143779190728246e-01,  1.519744278219960e-01,  9.640964969709973e-01,  6.178269896433494e-01, -1.199083470981310e-01,  3.459794233458000e-02
  2.810000000000000e+00, -2.353569377419199e+00,  3.196723383362137e-01, -1.364639968470344e+00,  3.378988394740547e-01,  7.135974619688845e-01,  2.037888329501903e-01, -3.418516651361552e-01,  3.084230122886744e-01,  1.448379840865196e-01,  9.741415770227706e-01,  6.225921323472066e-01, -1.129932198103789e-01,  3.629027094877408e-02
  2.820000000000000e+00, -2.359206192934016e+00,  3.154146069019645e-01, -1.368556313132824e+00,  3.333367490032240e-01,  7.134819256493691e-01,  2.041238847999491e-01, -3.442614743276949e-01,  3.028033654775671e-01,  1.363266262666925e-01,  9.819871521141502e-01,  6.271019893874691e-01, -1.067951332703989e-01,  3.797102123697459e-02
  2.830000000000000e+00, -2.364675672548803e+00,  3.110866232902348e-01, -1.372701181403640e+00,  3.288028921117803e-01,  7.133947702130894e-01,  2.044431165448730e-01, -3.477769912923214e-01,  2.976550201500870e-01,  1.264679022545790e-01,  9.873260179927028e-01,  6.314467098452929e-01, -1.014073143408432e-01,  3.961043924600142e-02
  2.840000000000000e+00, -2.369783212052921e+00,  3.068229423773211e-01, -1.376993567903023e+00,  3.244283201629599e-01,  7.133394533126176e-01,  2.047367640816976e-01, -3.525563149663841e-01,  2.931095066714698e-01,  1.153430492216362e-01,  9.898736779646952e-01,  6.357063010918855e-01, -9.689094556324740e-02,  4.117318120110242e-02
  2.850000000000001e+00, -2.374363511941670e+00,  3.027379475430658e-01, -1.381387999641083e+00,  3.203097121240082e-01,  7.133169299104687e-01,  2.049983633146464e-01, -3.586954039460858e-01,  2.892830708970405e-01,  1.030982914432946e-01,  9.893830867713314e-01,  6.399380630993737e-01, -9.326799861424817e-02,  4.261980850240094e-02
  2.860000000000000e+00, -2.378313355834496e+00,  2.989049800050245e-01, -1.385873968337556e+00,  3.164955028354572e-01,  7.133259795909905e-01,  2.052254644940601e-01, -3.662009419155599e-01,  2.862610654082278e-01,  8.995458811879388e-02,  9.856545269786214e-01,  6.441676067973481e-01, -9.052367102915793e-02,  4.390935355740710e-02
  2.870000000000000e+00, -2.381613340048336e+00,  2.953459881209246e-01, -1.390459721812990e+00,  3.129845023984134e-01,  7.133637755471147e-01,  2.054194703055144e-01, -3.749828045418301e-01,  2.840867213102689e-01,  7.620345883428248e-02,  9.785412216745754e-01,  6.483859053794166e-01, -8.861199334053227e-02,  4.500211443992788e-02
  2.880000000000000e+00, -2.384327184446617e+00,  2.920349976250532e-01, -1.395153474144839e+00,  3.097361089299305e-01,  7.134265891384496e-01,  2.055846855226482e-01, -3.848692752240087e-01,  2.827628130735236e-01,  6.218329357067650e-02,  9.679541872340204e-01,  6.525567856183138e-01, -8.746271517072679e-02,  4.586138222814513e-02
  2.890000000000000e+00, -2.386579395279227e+00,  2.889113574186040e-01, -1.399955153172113e+00,  3.066857618166852e-01,  7.135105735033573e-01,  2.057269836621840e-01, -3.956354010288474e-01,  2.822674916849417e-01,  4.823901596455071e-02,  9.538703155692652e-01,  6.566333169412036e-01, -8.699556378654605e-02,  4.645366425407545e-02
  2.900000000000000e+00, -2.388520150505589e+00,  2.858971306149161e-01, -1.404860858106644e+00,  3.037604305176648e-01,  7.136125488993549e-01,  2.058524502212135e-01, -4.070329664032316e-01,  2.825768805523977e-01,  3.467433972390938e-02,  9.363439946708947e-01,  6.605687543204696e-01, -8.714620212941604e-02,  4.674885529036354e-02
  2.910000000000000e+00, -2.390290721504654e+00,  2.829136261577260e-01, -1.409872001677385e+00,  3.008912645922443e-01,  7.137305855819296e-01,  2.059662930523461e-01, -4.188137923181905e-01,  2.836812814117443e-01,  2.170902040258384e-02,  9.155182588775299e-01,  6.643056907663255e-01, -8.790121839933596e-02,  4.672249800105770e-02
  2.920000000000000e+00, -2.392007294793425e+00,  2.798905017458791e-01, -1.414997785562611e+00,  2.980199028813247e-01,  7.138640850928275e-01,  2.060724016868001e-01, -4.307375170742492e-01,  2.855790190533025e-01,  9.454358940303827e-03,  8.916300031442711e-01,  6.677334026187522e-01, -8.933587479801219e-02,  4.635887422482089e-02
  2.930000000000000e+00, -2.393736501269975e+00,  2.767758353246619e-01, -1.420268090647370e+00,  2.951041367065646e-01,  7.140141260177209e-01,  2.061728013252527e-01, -4.425866572190040e-01,  2.882884836121974e-01, -2.093990545364970e-03,  8.650014305752094e-01,  6.707103815868805e-01, -9.162311815915580e-02,  4.566040483557308e-02
  2.940000000000000e+00, -2.395538509010459e+00,  2.735211626479577e-01, -1.425708890707854e+00,  2.921075663822904e-01,  7.141823758447554e-01,  2.062688623570865e-01, -4.541362615819907e-01,  2.917863086041743e-01, -1.302919033970296e-02,  8.360283654527162e-01,  6.729776696484407e-01, -9.504676957907865e-02,  4.464190834654719e-02
  2.950000000000000e+00, -2.397460883413299e+00,  2.700830426569885e-01, -1.431347788195698e+00,  2.890000669099160e-01,  7.143712434640604e-01,  2.063611847618816e-01, -4.651637517394432e-01,  2.960133769699211e-01, -2.351110285902215e-02,  8.051621314572113e-01,  6.742123896142553e-01, -9.995209281923190e-02,  4.333555451381933e-02
  2.960000000000000e+00, -2.399561381820432e+00,  2.664143394333781e-01, -1.437201533735178e+00,  2.857524056738294e-01,  7.145834337866217e-01,  2.064501666317848e-01, -4.754412423961126e-01,  3.008512104566648e-01, -3.373396671454332e-02,  7.728966121033082e-01,  6.740325992590146e-01, -1.066842259178371e-01,  4.178730694564414e-02
  2.970000000000000e+00, -2.401918375919764e+00,  2.624607986705682e-01, -1.443267610778701e+00,  2.823350806379490e-01,  7.148217367327655e-01,  2.065361888634347e-01, -4.847391885290336e-01,  3.061156320181400e-01, -4.390051117466248e-02,  7.397563823768815e-01,  6.720318172280777e-01, -1.155102830164176e-01,  4.005364538182532e-02
  2.980000000000000e+00, -2.404630013703952e+00,  2.581629696471596e-01, -1.449518956360528e+00,  2.787209812609562e-01,  7.150889170141776e-01,  2.066195074088605e-01, -4.928378758514563e-01,  3.115620469837920e-01, -5.420426230148014e-02,  7.062837741478200e-01,  6.678242363358800e-01, -1.265478052133344e-01,  3.819798098610012e-02
  2.990000000000000e+00, -2.407802936069840e+00,  2.534624054914665e-01, -1.455904155688147e+00,  2.748903185867886e-01,  7.153876886339552e-01,  2.066999543699022e-01, -4.995439811408402e-01,  3.169021072452827e-01, -6.481873046879942e-02,  6.730216973308655e-01,  6.610949043299648e-01, -1.397143912705434e-01,  3.628760016511044e-02
  3.000000000000000e+00, -2.411534702241334e+00,  2.483096423431014e-01, -1.462353887354169e+00,  2.708354915013555e-01,  7.157207498248641e-01,  2.067766042624528e-01, -5.047083733059501e-01,  3.218327150256418e-01, -7.589069596765850e-02,  6.404905571861860e-01,  6.516565505360509e-01, -1.547043317690384e-01,  3.439060631700724e-02
  3.010000000000000e+00, -2.415894890017343e+00,  2.426722648571346e-01, -1.468791070816907e+00,  2.665646469789706e-01,  7.160907737249422e-01,  2.068475392323862e-01, -5.082414480517942e-01,  3.260727385162517e-01, -8.753667446392605e-02,  6.091612957610730e-01,  6.395035201330758e-01, -1.710000038303769e-01,  3.257153241495168e-02
  3.020000000000000e+00, -2.420910847709042e+00,  2.365414265151320e-01, -1.475140174916761e+00,  2.621031751603976e-01,  7.165002074550683e-01,  2.069098424948350e-01, -5.101223553130952e-01,  3.293952584129019e-01, -9.984223159169757e-02,  5.794296159325601e-01,  6.248350448128200e-01, -1.879256529750708e-01,  3.088601624881456e-02
  3.030000000000000e+00, -2.426561923876520e+00,  2.299357073903039e-01, -1.481332493607151e+00,  2.574929172310968e-01,  7.169508120197705e-01,  2.069598755263611e-01, -5.104008785483133e-01,  3.316468690980260e-01, -1.128632038986399e-01,  5.515964961452224e-01,  6.080308419186068e-01, -2.047324342044161e-01,  2.937589123394329e-02
  3.040000000000000e+00, -2.432782003907142e+00,  2.229023298767999e-01, -1.487306838101741e+00,  2.527896057985498e-01,  7.174429887577165e-01,  2.069937882509666e-01, -5.091928636257130e-01,  3.327537286752111e-01, -1.266277711553489e-01,  5.258581893774621e-01,  5.895927719598554e-01, -2.206889589422421e-01,  2.806504733349903e-02
  3.050000000000000e+00, -2.439466411163100e+00,  2.155155327277483e-01, -1.493010808355048e+00,  2.480585131757680e-01,  7.179752155803707e-01,  2.070080954013677e-01, -5.066689887888485e-01,  3.327270459662647e-01, -1.411392246666923e-01,  5.023032857316863e-01,  5.701194054921501e-01, -2.351545063631320e-01,  2.695933981617736e-02
  3.060000000000000e+00, -2.446494012668944e+00,  2.078691336647997e-01, -1.498390279684491e+00,  2.433685543325937e-01,  7.185433149345145e-01,  2.070004600314818e-01, -5.030390550135966e-01,  3.316177487334559e-01, -1.563794890222600e-01,  4.809426524513147e-01,  5.501144960341791e-01, -2.476384926208390e-01,  2.603524971290587e-02
  3.070000000000000e+00, -2.453728571298296e+00,  2.000702408543150e-01, -1.503405982453629e+00,  2.387857053057016e-01,  7.191411237940962e-01,  2.069697738280936e-01, -4.985321024643894e-01,  3.295507734211454e-01, -1.723138685889406e-01,  4.617070340085970e-01,  5.301405853200599e-01, -2.578166416446344e-01,  2.525673964123539e-02
  3.080000000000000e+00, -2.461040193077369e+00,  1.922291888040908e-01, -1.508023647240684e+00,  2.343682809054583e-01,  7.197604871038935e-01,  2.069164962082891e-01, -4.933790859808817e-01,  3.266736963688773e-01, -1.888959641045609e-01,  4.444840000700181e-01,  5.106566807898619e-01, -2.655480727009940e-01,  2.457264129207869e-02
  3.090000000000000e+00, -2.468314879837864e+00,  1.844529347686814e-01, -1.512211744721212e+00,  2.301646170058376e-01,  7.203916824804087e-01,  2.068426074669294e-01, -4.878001258300569e-01,  3.231405749140909e-01, -2.060699240953451e-01,  4.291366775216501e-01,  4.920006250592128e-01, -2.708688071670462e-01,  2.392883167182054e-02
  3.100000000000000e+00, -2.475462037286627e+00,  1.768397290151633e-01, -1.515937280007020e+00,  2.262123644880856e-01,  7.210238537084285e-01,  2.067514496060223e-01, -4.819958129563213e-01,  3.190921762906316e-01, -2.237698457057317e-01,  4.155197936819690e-01,  4.743659313372833e-01, -2.739688423248861e-01,  2.327852536483405e-02
  3.110000000000000e+00, -2.482413184677887e+00,  1.694750705707854e-01, -1.519171511843719e+00,  2.225379057312761e-01,  7.216459481664612e-01,  2.066472721027042e-01, -4.761422310044982e-01,  3.146483281258438e-01, -2.419176673742996e-01,  4.034861290708417e-01,  4.578147721428451e-01, -2.751524664623179e-01,  2.259016198827511e-02
  3.120000000000000e+00, -2.489111437962817e+00,  1.624290358745074e-01, -1.521907575881597e+00,  2.191554677831635e-01,  7.222482372500328e-01,  2.065344581816261e-01, -4.703891485572996e-01,  3.099140645932916e-01, -2.604215437356001e-01,  3.928863592199827e-01,  4.423116379752436e-01, -2.747889562262014e-01,  2.185147864840183e-02
  3.130000000000000e+00, -2.495507321811602e+00,  1.557539491581299e-01, -1.524167589836298e+00,  2.160673316506796e-01,  7.228233406916960e-01,  2.064169358842946e-01, -4.648600343283221e-01,  3.049780830677360e-01, -2.791757082828172e-01,  3.835765295508400e-01,  4.277159316473644e-01, -2.732678107781052e-01,  2.106622419918234e-02
  3.140000000000000e+00, -2.501560746203462e+00,  1.494829926854227e-01, -1.525998132682312e+00,  2.132653264880029e-01,  7.233665547405109e-01,  2.062978805124526e-01, -4.596421114041938e-01,  2.999352892195695e-01, -2.980676889197003e-01,  3.754073464157017e-01,  4.139498991562128e-01, -2.709435629759984e-01,  2.025785855589956e-02
  3.150000000000000e+00, -2.507259772006619e+00,  1.436291766973429e-01, -1.527437223359820e+00,  2.107347167981847e-01,  7.238745664841217e-01,  2.061801604492462e-01, -4.547966946292198e-01,  2.948377904536084e-01, -3.169790265910290e-01,  3.682601836821666e-01,  4.008128835002386e-01, -2.681310244579609e-01,  1.944857802729031e-02
  3.160000000000000e+00, -2.512611117348398e+00,  1.381893264891481e-01, -1.528519086339598e+00,  2.084562944316665e-01,  7.243455818299944e-01,  2.060661143412184e-01, -4.503548870057801e-01,  2.897316382446654e-01, -3.357946556338640e-01,  3.620244703612594e-01,  3.881787416380214e-01, -2.650700853797829e-01,  1.866490822043810e-02
  3.170000000000000e+00, -2.517639872913588e+00,  1.331480221831461e-01, -1.529265144361819e+00,  2.064092029736320e-01,  7.247786371619482e-01,  2.059577391350553e-01, -4.463328750039490e-01,  2.846304928385855e-01, -3.544030989649223e-01,  3.566186797757343e-01,  3.758378029092466e-01, -2.619417545857496e-01,  1.792300891128759e-02
  3.180000000000000e+00, -2.522374455427187e+00,  1.284828061887151e-01, -1.529698760964876e+00,  2.045717830497743e-01,  7.251739773115911e-01,  2.058564113213033e-01, -4.427252359109358e-01,  2.795595284350504e-01, -3.727045061580967e-01,  3.519596397204833e-01,  3.637112088737801e-01, -2.588461429397819e-01,  1.724091808104074e-02
  3.190000000000000e+00, -2.526845654045662e+00,  1.241668752177899e-01, -1.529841956019154e+00,  2.029228028631049e-01,  7.255326414335725e-01,  2.057630301852345e-01, -4.395191006678101e-01,  2.745309808953834e-01, -3.906093805519104e-01,  3.479826718898459e-01,  3.516900753607078e-01, -2.558336481109447e-01,  1.662671546183521e-02
  3.200000000000000e+00, -2.531087403737363e+00,  1.201702269430285e-01, -1.529712258914493e+00,  2.014419796893033e-01,  7.258561500703026e-01,  2.056781548673184e-01, -4.366865991235462e-01,  2.695620151695619e-01, -4.080412821501257e-01,  3.446204284288941e-01,  3.397883239434487e-01, -2.528985816405791e-01,  1.608880271535831e-02
  3.210000000000000e+00, -2.535118750938303e+00,  1.164646356351409e-01, -1.529345296227810e+00,  2.001096554276625e-01,  7.261472542836805e-01,  2.056015965045403e-01, -4.342072414964816e-01,  2.646655116088396e-01, -4.249332735240406e-01,  3.418214678885652e-01,  3.279219840050778e-01, -2.500220147781373e-01,  1.562205215335898e-02
  3.220000000000000e+00, -2.538952608257984e+00,  1.130238028065290e-01, -1.528780560440237e+00,  1.989078306139541e-01,  7.264090955447974e-01,  2.055328227294241e-01, -4.320496366565165e-01,  2.598758598145091e-01, -4.412305124103830e-01,  3.395131641965586e-01,  3.161831890816222e-01, -2.471459142538694e-01,  1.522795147444413e-02
  3.230000000000000e+00, -2.542596313827479e+00,  1.098242545458753e-01, -1.528059607590160e+00,  1.978204092566310e-01,  7.266449666926666e-01,  2.054710768460491e-01, -4.301961771050350e-01,  2.552073367151897e-01, -4.568854699128202e-01,  3.376395149886532e-01,  3.045307350086168e-01, -2.442300773242947e-01,  1.489346496256779e-02
  3.240000000000000e+00, -2.546046088610011e+00,  1.068469804465918e-01, -1.527233545682792e+00,  1.968329368224025e-01,  7.268585208005706e-01,  2.054152766072178e-01, -4.286242746330939e-01,  2.506971720006301e-01, -4.718613193427096e-01,  3.361212303766391e-01,  2.930505601450193e-01, -2.412160728264487e-01,  1.461023386991026e-02
  3.250000000000000e+00, -2.549299003709070e+00,  1.040749894967197e-01, -1.526347090727957e+00,  1.959329035215941e-01,  7.270530609844336e-01,  2.053643998584086e-01, -4.273152302230793e-01,  2.463662380566828e-01, -4.861249984906119e-01,  3.348820505538819e-01,  2.817644470105153e-01, -2.380669301629033e-01,  1.436139350907153e-02
  3.260000000000000e+00, -2.552349099246099e+00,  1.014935957512857e-01, -1.525445112621297e+00,  1.951091541196510e-01,  7.272318338691856e-01,  2.053173582627323e-01, -4.262323186722425e-01,  2.422523824695584e-01, -4.996460232055042e-01,  3.338203371913710e-01,  2.708286414985530e-01, -2.347360463719410e-01,  1.413696426406557e-02
  3.270000000000000e+00, -2.555196329881757e+00,  9.908874546457692e-02, -1.524560009983797e+00,  1.943522538777741e-01,  7.273974526558279e-01,  2.052733041320431e-01, -4.253295919586966e-01,  2.383713172976898e-01, -5.123847884070396e-01,  3.328450971802447e-01,  2.602947142342696e-01, -2.312164317195393e-01,  1.391770913774892e-02
  3.280000000000000e+00, -2.557838260660011e+00,  9.684903940367014e-02, -1.523722898656744e+00,  1.936541582708484e-01,  7.275523081566129e-01,  2.052314191916124e-01, -4.245341160411759e-01,  2.347491708995247e-01, -5.242879630659161e-01,  3.318563686627954e-01,  2.502509796599554e-01, -2.275185134586959e-01,  1.368705178306543e-02
  3.290000000000000e+00, -2.560267837191748e+00,  9.476665240974814e-02, -1.522966231102085e+00,  1.930082237662386e-01,  7.276986100836016e-01,  2.051908910680366e-01, -4.237443345945606e-01,  2.314233140987298e-01, -5.352830816627464e-01,  3.307552838317635e-01,  2.407861579623908e-01, -2.236787024258726e-01,  1.342906896962332e-02
  3.300000000000000e+00, -2.562469250056541e+00,  9.283819121686435e-02, -1.522329958520327e+00,  1.924089127863435e-01,  7.278386331659029e-01,  2.051507924977159e-01, -4.228281122708387e-01,  2.284551119376608e-01, -5.452809933856571e-01,  3.294462514282005e-01,  2.320350809314775e-01, -2.197474143579754e-01,  1.313206806761032e-02
  3.310000000000000e+00, -2.564421084398707e+00,  9.106586065634728e-02, -1.521854237918712e+00,  1.918527184535889e-01,  7.279741927994583e-01,  2.051103203711643e-01, -4.216464718314497e-01,  2.259027206053854e-01, -5.541787018686976e-01,  3.278688086068757e-01,  2.240184757455277e-01, -2.158195575747599e-01,  1.277678592892910e-02
  3.320000000000000e+00, -2.566085309156075e+00,  8.946373318467001e-02, -1.521588698057140e+00,  1.913394209549235e-01,  7.281065690122511e-01,  2.050687559113765e-01, -4.200552599458715e-01,  2.238563974281035e-01, -5.618739645416096e-01,  3.259673174005593e-01,  2.168802919067814e-01, -2.119807200423227e-01,  1.235489701802592e-02
  3.330000000000000e+00, -2.567411065726441e+00,  8.806271301559165e-02, -1.521577648610573e+00,  1.908748390000285e-01,  7.282352054657951e-01,  2.050260286476760e-01, -4.179421063821084e-01,  2.224003871191885e-01, -5.682736634324180e-01,  3.237164830154333e-01,  2.107334622624526e-01, -2.083355482075158e-01,  1.185883798200454e-02
  3.340000000000000e+00, -2.568334177279815e+00,  8.691422074941904e-02, -1.521854866301860e+00,  1.904723529105600e-01,  7.283570507648860e-01,  2.049829959584245e-01, -4.152451160051384e-01,  2.216062490122136e-01, -5.733050265104255e-01,  3.211187682894667e-01,  2.056891306434408e-01, -2.049923922993790e-01,  1.128569994900660e-02
  3.350000000000001e+00, -2.568781846208432e+00,  8.608844993170683e-02, -1.522437849767821e+00,  1.901527272502429e-01,  7.284663791016158e-01,  2.049415619652291e-01, -4.119643928174861e-01,  2.215224987839507e-01, -5.769205281678466e-01,  3.182062061775801e-01,  2.018512164844377e-01, -2.020538225462920e-01,  1.063781559452844e-02
  3.360000000000000e+00, -2.568683124956798e+00,  8.566586512616831e-02, -1.523322453763989e+00,  1.899418128336081e-01,  7.285552851629313e-01,  2.049045500201540e-01, -4.081616332267712e-01,  2.221667375898375e-01, -5.790963691808384e-01,  3.150426811601212e-01,  1.993091448690693e-01, -1.996108150005331e-01,  9.922426611874860e-03
  3.370000000000000e+00, -2.567983276568205e+00,  8.572349539112517e-02, -1.524478707695490e+00,  1.898666252679651e-01,  7.286147680299909e-01,  2.048753421582401e-01, -4.039500045257173e-01,  2.235215183989928e-01, -5.798262629071260e-01,  3.117261263277561e-01,  1.981259741088413e-01, -1.977408765940607e-01,  9.150801831192172e-03
  3.380000000000000e+00, -2.566657183415526e+00,  8.632038533141800e-02, -1.525849687189621e+00,  1.899510329752322e-01,  7.286360962445108e-01,  2.048573786231169e-01, -3.994786750443085e-01,  2.255354315073065e-01, -5.791137563957973e-01,  3.083888297322688e-01,  1.983271869301081e-01, -1.965070173567809e-01,  8.337369626213174e-03
  3.390000000000000e+00, -2.564718086707797e+00,  8.748707927697870e-02, -1.527352706219584e+00,  1.902125721197009e-01,  7.286119308314333e-01,  2.048537177126471e-01, -3.949167462229074e-01,  2.281273454574554e-01, -5.769669983057401e-01,  3.051961163398877e-01,  1.998939197853217e-01, -1.959574085228875e-01,  7.499219217107471e-03
  3.400000000000000e+00, -2.562219412168067e+00,  8.922207688450849e-02, -1.528882497724271e+00,  1.906612262471712e-01,  7.285368814997627e-01,  2.048667893130552e-01, -3.904396090465844e-01,  2.311915936650614e-01, -5.733975516816922e-01,  3.023438736323249e-01,  2.027572910380984e-01, -1.961285562851038e-01,  6.655974493586158e-03
  3.410000000000000e+00, -2.559247701680921e+00,  9.149519252771075e-02, -1.530319975185235e+00,  1.912997812057644e-01,  7.284076900568084e-01,  2.048982590549208e-01, -3.862176540937234e-01,  2.346063807387113e-01, -5.684225167126973e-01,  3.000535703034488e-01,  2.067959356426748e-01, -1.970504885190358e-01,  5.830443079230337e-03
  3.420000000000000e+00, -2.555906550861287e+00,  9.425580619418382e-02, -1.531549355643706e+00,  1.921248940108707e-01,  7.282233934818618e-01,  2.049488597672292e-01, -3.824060904411614e-01,  2.382479888151241e-01, -5.620684145551391e-01,  2.985627596294932e-01,  2.118445146976052e-01, -1.987479342550642e-01,  5.050492799179245e-03
  3.430000000000000e+00, -2.552294196197708e+00,  9.744379338486475e-02, -1.532481519328987e+00,  1.931284206928348e-01,  7.279855706405565e-01,  2.050181625142330e-01, -3.791357904485059e-01,  2.420094265932931e-01, -5.543749163766452e-01,  2.981103773977860e-01,  2.177145145051042e-01, -2.012349530314630e-01,  4.350832872115812e-03
  3.440000000000000e+00, -2.548478822104765e+00,  1.010015357143902e-01, -1.533078082276438e+00,  1.942990696251680e-01,  7.276985253522348e-01,  2.051043687502150e-01, -3.765064205570016e-01,  2.458198624957650e-01, -5.453977145827652e-01,  2.989186780484526e-01,  2.242229051521085e-01, -2.045049301983046e-01,  3.772710499091493e-03
  3.450000000000000e+00, -2.544477758216559e+00,  1.048846696371040e-01, -1.533368802797762e+00,  1.956243488699387e-01,  7.273692173176787e-01,  2.052042338750107e-01, -3.745826839614569e-01,  2.496598656395267e-01, -5.352102679306383e-01,  3.011741517890212e-01,  2.312233007851549e-01, -2.085185855354101e-01,  3.361897351262310e-03
  3.460000000000000e+00, -2.540250566163105e+00,  1.090664760356715e-01, -1.533453881450983e+00,  1.970918291700823e-01,  7.270069328878312e-01,  2.053131900302591e-01, -3.733913087142656e-01,  2.535658046765429e-01, -5.239023915702369e-01,  3.050094702565436e-01,  2.386335349304863e-01, -2.131924544080541e-01,  3.166359536624619e-03
  3.470000000000000e+00, -2.536009179313519e+00,  1.135480054255337e-01, -1.532948168206787e+00,  1.987405455235637e-01,  7.265918937353009e-01,  2.054398302159390e-01, -3.729912605570229e-01,  2.572583609856989e-01, -5.116303783865400e-01,  3.105491376558130e-01,  2.460526047716435e-01, -2.185436893285597e-01,  3.236875058729625e-03
  3.480000000000000e+00, -2.532047553906669e+00,  1.182414984580725e-01, -1.531487997082729e+00,  2.005766462087606e-01,  7.261137977648536e-01,  2.055894538212922e-01, -3.733257420141704e-01,  2.604315142963821e-01, -4.985774499096254e-01,  3.178849715248844e-01,  2.531215440373245e-01, -2.244912086119326e-01,  3.614640288185546e-03
  3.490000000000000e+00, -2.527204061117148e+00,  1.231350325454284e-01, -1.531076826482334e+00,  2.024281597393488e-01,  7.256839831291162e-01,  2.057101443783903e-01, -3.740558094436219e-01,  2.644718672057659e-01, -4.846188537946836e-01,  3.266686684635015e-01,  2.614001193568661e-01, -2.303307518157309e-01,  4.314509326960390e-03
