Main.Studies.MarkerTracking.t,Main.HumanModel.BodyModel.Interface.Right.HipFlexion.Pos,Main.HumanModel.BodyModel.Interface.Right.HipAbduction.Pos,Main.HumanModel.BodyModel.Interface.Right.HipExternalRotation.Pos,Main.HumanModel.BodyModel.Interface.Right.KneeFlexion.Pos,Main.HumanModel.BodyModel.Interface.Right.AnklePlantarFlexion.Pos,Main.HumanModel.BodyModel.Interface.Right.SubTalarEversion.Pos
  1.600000000000000e+00,  3.410617820825297e-01,  7.281235314780510e-02,  1.509645098549007e-01,  2.096365377006442e-01, -9.910513191976576e-03,  2.136814842116754e-01
  1.610000000000000e+00,  3.422930533816442e-01,  6.263447583943349e-02,  1.414118501739865e-01,  2.265237023383548e-01,  3.458491904108796e-03,  2.315766771889193e-01
  1.620000000000000e+00,  3.435886354756947e-01,  5.109476752469355e-02,  1.306565802453656e-01,  2.456404686035350e-01,  1.800381067304067e-02,  2.482579335634630e-01
  1.630000000000000e+00,  3.444728600304376e-01,  3.849231402235143e-02,  1.190489111430125e-01,  2.660280990761545e-01,  3.269328120173443e-02,  2.629917058260179e-01
  1.640000000000000e+00,  3.444621354910932e-01,  2.516134192990460e-02,  1.069547957716127e-01,  2.868226713138148e-01,  4.640833142348515e-02,  2.755887841554497e-01
  1.650000000000000e+00,  3.431195150890347e-01,  1.144862823217063e-02,  9.476212086850840e-02,  3.072257535349495e-01,  5.814186795553818e-02,  2.863679145046816e-01
  1.660000000000000e+00,  3.401105085417918e-01, -2.308096318563324e-03,  8.286655818902361e-02,  3.265134851786718e-01,  6.712716893715735e-02,  2.959450029461857e-01
  1.670000000000000e+00,  3.352413387929820e-01, -1.580001876479953e-02,  7.166462613425836e-02,  3.440812462917608e-01,  7.289763328976406e-02,  3.049175076856888e-01
  1.680000000000000e+00,  3.284620049140232e-01, -2.876785757741773e-02,  6.154091828804398e-02,  3.594763290218256e-01,  7.528248336570610e-02,  3.136281489354919e-01
  1.690000000000000e+00,  3.198319663474346e-01, -4.101839609061897e-02,  5.284367826917066e-02,  3.723947854402161e-01,  7.436017763227486e-02,  3.221153368056731e-01
  1.700000000000000e+00,  3.094633123545799e-01, -5.242850873289195e-02,  4.585229611674849e-02,  3.826561969296502e-01,  7.039964201895813e-02,  3.302035128025136e-01
  1.710000000000000e+00,  2.974652319482181e-01, -6.293607662188361e-02,  4.074150608989126e-02,  3.901777012199180e-01,  6.380238058836682e-02,  3.376164573950215e-01
  1.720000000000000e+00,  2.839120397576358e-01, -7.252207732366012e-02,  3.755515306418052e-02,  3.949555628496507e-01,  5.504521218713448e-02,  3.440434297907358e-01
  1.730000000000000e+00,  2.688439487663090e-01, -8.118863049187786e-02,  3.620128628041920e-02,  3.970522172863215e-01,  4.463039855002423e-02,  3.491726542760787e-01
  1.740000000000000e+00,  2.522923509266291e-01, -8.894079007058742e-02,  3.646739853864465e-02,  3.965850463194414e-01,  3.305380368695648e-02,  3.527309919164099e-01
  1.750000000000000e+00,  2.343125157957602e-01, -9.577962445608068e-02,  3.804754894206803e-02,  3.937161262495201e-01,  2.078844780583861e-02,  3.545317343835396e-01
  1.760000000000000e+00,  2.150081903304898e-01, -1.017062185745965e-01,  4.057599212190687e-02,  3.886446990537559e-01,  8.269508213425930e-03,  3.545079779981146e-01
  1.770000000000000e+00,  1.945397329094241e-01, -1.067293365885031e-01,  4.366342008494981e-02,  3.816017672333809e-01, -4.125724580678929e-03,  3.527217099284926e-01
  1.780000000000000e+00,  1.731144503584724e-01, -1.108709993190944e-01,  4.693007305346606e-02,  3.728427044107299e-01, -1.609664549240802e-02,  3.493502636078052e-01
  1.790000000000000e+00,  1.509655516563536e-01, -1.141671428087918e-01,  5.003201136924246e-02,  3.626366877889974e-01, -2.743044607907710e-02,  3.446536044335137e-01
  1.800000000000000e+00,  1.283250501791789e-01, -1.166648493339530e-01,  5.268430503912284e-02,  3.512516018610749e-01, -3.800216537767630e-02,  3.389345924383796e-01
  1.810000000000000e+00,  1.053983134420728e-01, -1.184189014606525e-01,  5.467546435467099e-02,  3.389364010283859e-01, -4.776324889914615e-02,  3.325127320433166e-01
  1.820000000000000e+00,  8.234687122736639e-02, -1.194893787217512e-01,  5.586657499833286e-02,  3.259098545050120e-01, -5.672358673988579e-02,  3.257105238595361e-01
  1.830000000000000e+00,  5.928716741709440e-02, -1.199392820022678e-01,  5.617778499984720e-02,  3.123621268300788e-01, -6.493434367588953e-02,  3.188393020079967e-01
  1.840000000000000e+00,  3.629435021586475e-02, -1.198302483325342e-01,  5.557634593468058e-02,  2.984587392454705e-01, -7.247452330212965e-02,  3.121794342694599e-01
  1.850000000000000e+00,  1.341775552241201e-02, -1.192204505616012e-01,  5.405551853280628e-02,  2.843417552421386e-01, -7.943732006015675e-02,  3.059764920119918e-01
  1.860000000000000e+00, -9.316000345892913e-03, -1.181555532392700e-01,  5.163617666342304e-02,  2.701362692020511e-01, -8.592731061605595e-02,  3.004292038286673e-01
  1.870000000000000e+00, -3.188857017900029e-02, -1.166644523168343e-01,  4.836765160895822e-02,  2.559605264424919e-01, -9.205867453033810e-02,  2.956884672893836e-01
  1.880000000000000e+00, -5.428373144044475e-02, -1.147588615501987e-01,  4.434128019653175e-02,  2.419299423275416e-01, -9.795274623627286e-02,  2.918507275915662e-01
  1.890000000000000e+00, -7.646635558004472e-02, -1.124422430554319e-01,  3.968466362516486e-02,  2.281611152318984e-01, -1.037285256163577e-01,  2.889623628657895e-01
  1.900000000000000e+00, -9.837164511168071e-02, -1.097196645805312e-01,  3.455230321323067e-02,  2.147788209364234e-01, -1.094936518519171e-01,  2.870172094272972e-01
  1.910000000000000e+00, -1.199044938890079e-01, -1.066084999920121e-01,  2.910852389374828e-02,  2.019190041227747e-01, -1.153361820179911e-01,  2.859627072443553e-01
  1.920000000000000e+00, -1.409475866837258e-01, -1.031485712570583e-01,  2.350954698842652e-02,  1.897229088322605e-01, -1.213203065253854e-01,  2.857174416627612e-01
  1.930000000000000e+00, -1.613730978545034e-01, -9.940864070206179e-02,  1.788842948882428e-02,  1.783263550264559e-01, -1.274870458144961e-01,  2.861901209248588e-01
  1.940000000000000e+00, -1.810532446328908e-01, -9.548583688932122e-02,  1.234293320391628e-02,  1.678503335156668e-01, -1.338584023506767e-01,  2.872901081093014e-01
  1.950000000000000e+00, -1.998751565639316e-01, -9.149687580388166e-02,  6.935694321421673e-03,  1.583937908902568e-01, -1.404452863395985e-01,  2.889226762290913e-01
  1.960000000000000e+00, -2.177457686976201e-01, -8.756531139649848e-02,  1.696806906167488e-03,  1.500307787177071e-01, -1.472560071294042e-01,  2.909797173720706e-01
  1.970000000000000e+00, -2.346091859831597e-01, -8.380868803121722e-02, -3.360473489501554e-03,  1.428019494348273e-01, -1.542959633600932e-01,  2.933295834948793e-01
  1.980000000000000e+00, -2.504510086006628e-01, -8.032987724220852e-02, -8.233447287615155e-03,  1.367091036314430e-01, -1.615593150313341e-01,  2.958173717608980e-01
  1.990000000000000e+00, -2.653057798679577e-01, -7.721373543729904e-02, -1.291298421966622e-02,  1.317117676837079e-01, -1.690193483396814e-01,  2.982587458604966e-01
  2.000000000000000e+00, -2.792508448010861e-01, -7.452527509825901e-02, -1.737668548845173e-02,  1.277360951250773e-01, -1.766233237587603e-01,  3.004306925044121e-01
  2.010000000000000e+00, -2.924057462379218e-01, -7.230875486980315e-02, -2.159058110158407e-02,  1.246875967441998e-01, -1.842904007469802e-01,  3.020666447490132e-01
  2.020000000000000e+00, -3.049253858034571e-01, -7.058904626252982e-02, -2.552232231301580e-02,  1.224704643710861e-01, -1.919183056584561e-01,  3.028606414851079e-01
  2.030000000000000e+00, -3.169900373127150e-01, -6.937432873128446e-02, -2.915418458757913e-02,  1.210107606975137e-01, -1.993989908023562e-01,  3.024795195315449e-01
  2.040000000000000e+00, -3.287909457655788e-01, -6.865960629778378e-02, -3.249177634033348e-02,  1.202761156812264e-01, -2.066352846885224e-01,  3.005834724293739e-01
  2.050000000000000e+00, -3.405143592992416e-01, -6.842745470025902e-02, -3.557156365671788e-02,  1.202833838548287e-01, -2.135482015855094e-01,  2.968590255428947e-01
  2.060000000000000e+00, -3.523209084994628e-01, -6.864382600104024e-02, -3.846726784664761e-02,  1.210910041967783e-01, -2.200696241332170e-01,  2.910651207190179e-01
  2.070000000000000e+00, -3.643145185247110e-01, -6.924610638841711e-02, -4.128861745548829e-02,  1.227821821773677e-01, -2.261274738987171e-01,  2.830806649166983e-01
  2.080000000000000e+00, -3.765021320375881e-01, -7.012043282013547e-02, -4.416126653497707e-02,  1.254505040236227e-01, -2.316351003592516e-01,  2.729298571250492e-01
  2.090000000000000e+00, -3.887639564118336e-01, -7.106918060444123e-02, -4.718420332493615e-02,  1.291958862770638e-01, -2.364904069316167e-01,  2.607659034280963e-01
  2.100000000000000e+00, -4.008566239959470e-01, -7.178589034760630e-02, -5.038146344408827e-02,  1.341268889644779e-01, -2.405807069451387e-01,  2.468175760447473e-01
  2.110000000000000e+00, -4.124566666431103e-01, -7.186594231986398e-02, -5.368134117837134e-02,  1.403593331488688e-01, -2.437833438651053e-01,  2.313295831134307e-01
  2.120000000000000e+00, -4.232250467434359e-01, -7.086696753368171e-02, -5.694289617696192e-02,  1.480082198232744e-01, -2.459548474109589e-01,  2.145290024905625e-01
  2.130000000000000e+00, -4.328634421597515e-01, -6.839533179885127e-02, -6.001502917710876e-02,  1.571778472300918e-01, -2.469132547862592e-01,  1.966250537670423e-01
  2.140000000000000e+00, -4.411430542890385e-01, -6.417627991012020e-02, -6.279321061856538e-02,  1.679561450994766e-01, -2.464256879659531e-01,  1.778246027931576e-01
  2.150000000000000e+00, -4.479061565553993e-01, -5.808539310813465e-02, -6.525044698261531e-02,  1.804184065821570e-01, -2.442069434199428e-01,  1.583440172040766e-01
  2.160000000000000e+00, -4.530523334204604e-01, -5.014798387074215e-02, -6.744276437188472e-02,  1.946418774285309e-01, -2.399257944351669e-01,  1.384108735286544e-01
  2.170000000000000e+00, -4.565194135595780e-01, -4.052260715389067e-02, -6.950147143342549e-02,  2.107262757171309e-01, -2.332149125873810e-01,  1.182584172332217e-01
  2.180000000000000e+00, -4.582636309499615e-01, -2.947966587487527e-02, -7.161889779001228e-02,  2.288132307700503e-01, -2.236835515751803e-01,  9.811374646341915e-02
  2.190000000000000e+00, -4.582427323466459e-01, -1.737859447422818e-02, -7.402418233750521e-02,  2.491002845335571e-01, -2.109345657680610e-01,  7.817421295181445e-02
  2.200000000000000e+00, -4.564047474306270e-01, -4.642914866460401e-03, -7.694704061553825e-02,  2.718458196733088e-01, -1.945873391516502e-01,  5.857051064622790e-02
  2.210000000000000e+00, -4.526784993839860e-01,  8.268144326407656e-03, -8.057737246317159e-02,  2.973597996290010e-01, -1.743065073153065e-01,  3.932925893176885e-02
  2.220000000000000e+00, -4.469586967548287e-01,  2.089412983642114e-02, -8.502963499260668e-02,  3.259787446827680e-01, -1.498373431711421e-01,  2.035594872931153e-02
  2.230000000000000e+00, -4.390890181133801e-01,  3.281713551758791e-02, -9.031266148920386e-02,  3.580293076036289e-01, -1.210511449683453e-01,  1.453257805472982e-03
  2.240000000000000e+00, -4.288600358607582e-01,  4.370969086380749e-02, -9.630990254890302e-02,  3.937832864748223e-01, -8.800304871596905e-02, -1.761640916562516e-02
  2.250000000000000e+00, -4.160368881104284e-01,  5.337142483390944e-02, -1.027866678739907e-01,  4.334045666774842e-01, -5.100161917271426e-02, -3.702244135474984e-02
  2.260000000000000e+00, -4.004156885218628e-01,  6.174212120220490e-02, -1.094308785624581e-01,  4.768956109656384e-01, -1.068476790125301e-02, -5.673467206415155e-02
  2.270000000000000e+00, -3.818910382456314e-01,  6.888829298410659e-02, -1.159108824730858e-01,  5.240595393095006e-01,  3.191558763228389e-02, -7.641751997941471e-02
  2.280000000000000e+00, -3.605075373222734e-01,  7.496520969629028e-02, -1.219265560457263e-01,  5.744931930970499e-01,  7.535533920476388e-02, -9.539843810698607e-02
  2.290000000000000e+00, -3.364716988967598e-01,  8.016196617656379e-02, -1.272411025745694e-01,  6.276158274438453e-01,  1.178446633250564e-01, -1.127362937274810e-01
  2.300000000000000e+00, -3.101197368220240e-01,  8.464521231050592e-02, -1.316960596693698e-01,  6.827218593233809e-01,  1.574057743305872e-01, -1.273749840638048e-01
  2.310000000000000e+00, -2.818600517497247e-01,  8.851856585574169e-02, -1.352151441858777e-01,  7.390367465060909e-01,  1.920819972834655e-01, -1.383300150487911e-01
  2.320000000000000e+00, -2.521185196342391e-01,  9.180691922450612e-02, -1.377950498791887e-01,  7.957608423444169e-01,  2.201492951115497e-01, -1.448499798565307e-01
  2.330000000000000e+00, -2.213041708223663e-01,  9.446494786730053e-02, -1.394806438504494e-01,  8.520975131925682e-01,  2.403134850974170e-01, -1.465177994520152e-01
  2.340000000000000e+00, -1.897946820570939e-01,  9.640481230580522e-02, -1.403317724358323e-01,  9.072688899077234e-01,  2.518833397392946e-01, -1.432825515920330e-01
  2.350000000000000e+00, -1.579305155765221e-01,  9.753560493984859e-02, -1.403964516703182e-01,  9.605267593725486e-01,  2.548740029370706e-01, -1.354344069061670e-01
  2.360000000000000e+00, -1.260091939561661e-01,  9.780126172671277e-02, -1.397018820382722e-01,  1.011166348432023e+00,  2.499839662961148e-01, -1.235516915395117e-01
  2.370000000000000e+00, -9.427926366415884e-02,  9.720281714754719e-02, -1.382623527167680e-01,  1.058545762572725e+00,  2.384364450526192e-01, -1.084441732903820e-01
  2.380000000000000e+00, -6.293738871581310e-02,  9.580160766918300e-02, -1.360927357682189e-01,  1.102108835988860e+00,  2.217377933969643e-01, -9.109139758213362e-02
  2.390000000000000e+00, -3.213130983561315e-02,  9.370824595899552e-02, -1.332178820696464e-01,  1.141404201897948e+00,  2.014347317076578e-01, -7.256357134755184e-02
  2.400000000000000e+00, -1.971416219604962e-03,  9.106393275988189e-02, -1.296766415386449e-01,  1.176092831768490e+00,  1.789345502241034e-01, -5.392327592988208e-02
  2.410000000000000e+00,  2.745346840031253e-02,  8.801860211950974e-02, -1.255217393983415e-01,  1.205942547445345e+00,  1.554094341537561e-01, -3.612161065704773e-02
  2.420000000000000e+00,  5.606462971333069e-02,  8.471119958125595e-02, -1.208144879662683e-01,  1.230814737389554e+00,  1.317702024351047e-01, -1.990688175184548e-02
  2.430000000000000e+00,  8.378800297554374e-02,  8.125854840266622e-02, -1.156155109282002e-01,  1.250649401733779e+00,  1.086818196981568e-01, -5.758543780003572e-03
  2.440000000000000e+00,  1.105515787242483e-01,  7.775431546602518e-02, -1.099766706992431e-01,  1.265451677063252e+00,  8.659628117564008e-02,  6.145307040550506e-03
  2.450000000000000e+00,  1.362850945603026e-01,  7.427332749346238e-02, -1.039379936481654e-01,  1.275280108685393e+00,  6.578891754976361e-02,  1.592384931539282e-02
  2.460000000000000e+00,  1.609203471786822e-01,  7.087414622722732e-02, -9.752933587005981e-02,  1.280234783848832e+00,  4.639739644409297e-02,  2.395715525113377e-02
  2.470000000000000e+00,  1.843903032741356e-01,  6.759870563601877e-02, -9.077599245046666e-02,  1.280445034618511e+00,  2.846618603401725e-02,  3.082420912618015e-02
  2.480000000000000e+00,  2.066276897334431e-01,  6.447188348337995e-02, -8.370475158188900e-02,  1.276058022156541e+00,  1.199177798149421e-02,  3.721755645370436e-02
  2.490000000000000e+00,  2.275667355852690e-01,  6.150382316945180e-02, -7.634675491444888e-02,  1.267230151613044e+00, -3.044504693809429e-03,  4.384083788017395e-02
  2.500000000000000e+00,  2.471509689390451e-01,  5.869415192026439e-02, -6.873748419333250e-02,  1.254121564152883e+00, -1.666283667187475e-02,  5.130602068386233e-02
  2.510000000000000e+00,  2.653437634373673e-01,  5.603688450126221e-02, -6.091626649479676e-02,  1.236891797146946e+00, -2.888354821981443e-02,  6.005234531417517e-02
  2.520000000000000e+00,  2.821329205456628e-01,  5.352616199061622e-02, -5.292653871807153e-02,  1.215694863427970e+00, -3.973005674872957e-02,  7.030482100700536e-02
  2.530000000000000e+00,  2.975291180145656e-01,  5.116233532500303e-02, -4.481780635105727e-02,  1.190674685497333e+00, -4.923251406938727e-02,  8.207669626659089e-02
  2.540000000000000e+00,  3.115656895681125e-01,  4.895760820703154e-02, -3.664896269684075e-02,  1.161963196328881e+00, -5.743046157881234e-02,  9.519974682108995e-02
  2.550000000000000e+00,  3.242975784784085e-01,  4.694026822877118e-02, -2.848897746096584e-02,  1.129681356629501e+00, -6.437713554705904e-02,  1.093600171585209e-01
  2.560000000000000e+00,  3.357924843804391e-01,  4.515592770376009e-02, -2.041143272986860e-02,  1.093941628480533e+00, -7.014809107155165e-02,  1.241364387134440e-01
  2.570000000000000e+00,  3.461161343249827e-01,  4.366525416834643e-02, -1.248481266310566e-02,  1.054851656228800e+00, -7.485120631113622e-02,  1.390515293787589e-01
  2.580000000000000e+00,  3.553179205267884e-01,  4.253904788382057e-02, -4.761560058273711e-03,  1.012519962519105e+00, -7.863165807652785e-02,  1.536271190124582e-01
  2.590000000000000e+00,  3.634232743360016e-01,  4.185447076163795e-02,  2.733226577211432e-03,  9.670655534180680e-01, -8.166629218847307e-02,  1.674265204230437e-01
  2.600000000000000e+00,  3.704250838618848e-01,  4.168911124392194e-02,  1.001554585825962e-02,  9.186257155947513e-01, -8.414350480539642e-02,  1.800708390099839e-01
  2.610000000000000e+00,  3.762787305664426e-01,  4.211843218331945e-02,  1.714996792980348e-02,  8.673667046656242e-01, -8.624098323545598e-02,  1.912293370137709e-01
  2.620000000000000e+00,  3.808961022688154e-01,  4.321162088179276e-02,  2.425321397418372e-02,  8.134952072764424e-01, -8.810139857493506e-02,  2.005946194710813e-01
  2.630000000000000e+00,  3.841493089703574e-01,  4.502741301145363e-02,  3.149488198491638e-02,  7.572751599108127e-01, -8.980555469316281e-02,  2.078618433125940e-01
  2.640000000000000e+00,  3.858897512226703e-01,  4.760921123452988e-02,  3.909356155883974e-02,  6.990534510220434e-01, -9.134820232815183e-02,  2.127217143186365e-01
  2.650000000000000e+00,  3.859807769690761e-01,  5.097968688425603e-02,  4.730601349273020e-02,  6.392986046303151e-01, -9.263117677102201e-02,  2.148638662984170e-01
  2.660000000000000e+00,  3.843323457124927e-01,  5.512955141217368e-02,  5.641135320341060e-02,  5.786468089045091e-01, -9.348276488175461e-02,  2.139890886276650e-01
  2.670000000000000e+00,  3.809506946562253e-01,  6.000748281224455e-02,  6.667949893786021e-02,  5.179557582696911e-01, -9.371216961545512e-02,  2.098431999942899e-01
  2.680000000000000e+00,  3.759757554494814e-01,  6.549665891122070e-02,  7.832070292444387e-02,  4.583312073377464e-01, -9.317400674657064e-02,  2.022879749525897e-01
  2.690000000000000e+00,  3.697062649677850e-01,  7.139312334658809e-02,  9.140511050109271e-02,  4.011090523598803e-01, -9.182795053345062e-02,  1.914189188262988e-01
  2.700000000000000e+00,  3.625896915186350e-01,  7.739639004412946e-02,  1.057608617675409e-01,  3.477671045165571e-01, -8.976641498588685e-02,  1.777196986925998e-01
  2.710000000000000e+00,  3.551686358015891e-01,  8.312935274235045e-02,  1.208838564024462e-01,  2.997734185117135e-01, -8.719888283161860e-02,  1.622006997851574e-01
  2.720000000000000e+00,  3.479948829393145e-01,  8.819060584816740e-02,  1.359207271944659e-01,  2.584178103487743e-01, -8.439999362733362e-02,  1.464192343432550e-01
  2.730000000000000e+00,  3.415441453507208e-01,  9.221851885897414e-02,  1.497716667011905e-01,  2.246860398531503e-01, -8.163644381425746e-02,  1.322955064126520e-01
  2.740000000000000e+00,  3.361629194085405e-01,  9.493409376938056e-02,  1.612902626672178e-01,  1.992004556721741e-01, -7.908134929974409e-02,  1.217502729679572e-01
  2.750000000000000e+00,  3.320549570685632e-01,  9.614427764894273e-02,  1.694982438974235e-01,  1.822059982395065e-01, -7.672713370285904e-02,  1.163026588343432e-01
  2.760000000000000e+00,  3.292931226686888e-01,  9.571646717062077e-02,  1.737435808847597e-01,  1.735714782041904e-01, -7.432591018889158e-02,  1.167734897083831e-01
  2.770000000000000e+00,  3.278367749669105e-01,  9.355068524532517e-02,  1.737807000098515e-01,  1.727969855570280e-01, -7.139021329223659e-02,  1.231563922875753e-01
  2.780000000000000e+00,  3.275506568870515e-01,  8.957101831456060e-02,  1.697708186847488e-01,  1.790397110425463e-01, -6.726817874232247e-02,  1.346588891204895e-01
  2.790000000000000e+00,  3.282115072129260e-01,  8.373309156942832e-02,  1.622143852264193e-01,  1.911691044116157e-01, -6.127302941337636e-02,  1.498841475576462e-01
  2.800000000000000e+00,  3.295246868108503e-01,  7.604686152233997e-02,  1.518124814592750e-01,  2.078647739084653e-01, -5.285842219782545e-02,  1.671412689797886e-01
  2.810000000000000e+00,  3.311388238117904e-01,  6.659853545908900e-02,  1.393038250833671e-01,  2.277490917408119e-01, -4.180460915098592e-02,  1.847963722040554e-01
  2.820000000000000e+00,  3.326629476279371e-01,  5.556333378151179e-02,  1.253421768654546e-01,  2.495330127527943e-01, -2.835719338003854e-02,  2.015716293766392e-01
  2.830000000000000e+00,  3.336850653473575e-01,  4.320308081041380e-02,  1.104861036898826e-01,  2.721271296721824e-01, -1.323255690985639e-02,  2.167088695136663e-01
  2.840000000000000e+00,  3.337979207567574e-01,  2.985124269313411e-02,  9.527197331945575e-02,  2.946660229933769e-01,  2.522239265418024e-03,  2.299906963400868e-01
  2.850000000000001e+00,  3.326378650681137e-01,  1.588663998038209e-02,  8.025244129511931e-02,  3.164499138878057e-01,  1.772863186087058e-02,  2.416662738832817e-01
  2.860000000000000e+00,  3.299330503344734e-01,  1.695345481557586e-03,  6.596009679904286e-02,  3.368793376132834e-01,  3.126270795962197e-02,  2.522866554168867e-01
  2.870000000000000e+00,  3.255419129886759e-01, -1.237125329446598e-02,  5.285535178964863e-02,  3.554435802011555e-01,  4.220945929120701e-02,  2.624540931987146e-01
  2.880000000000000e+00,  3.194570700854309e-01, -2.602994923023205e-02,  4.129737041367926e-02,  3.717447565731830e-01,  4.996241276111481e-02,  2.725862608363848e-01
  2.890000000000000e+00,  3.117654269871846e-01, -3.908149675160155e-02,  3.153211588811918e-02,  3.855081314467217e-01,  5.424807560199015e-02,  2.828170851367868e-01
  2.900000000000000e+00,  3.025820708543219e-01, -5.140423170322417e-02,  2.368545075556516e-02,  3.965645303967587e-01,  5.509108024060425e-02,  2.930490667582168e-01
  2.910000000000000e+00,  2.919911130426574e-01, -6.292994514719008e-02,  1.775584335773459e-02,  4.048264882753151e-01,  5.275240853811847e-02,  3.030688450509095e-01
  2.920000000000000e+00,  2.800207806547816e-01, -7.361426882653510e-02,  1.361228092552231e-02,  4.102758445959410e-01,  4.765950212074167e-02,  3.126351122048024e-01
  2.930000000000000e+00,  2.666471561667548e-01, -8.341094977047669e-02,  1.101077464324881e-02,  4.129615199554597e-01,  4.033357031037128e-02,  3.215149028543974e-01
  2.940000000000000e+00,  2.518420854965509e-01, -9.225865275088108e-02,  9.631251281247569e-03,  4.130045341405159e-01,  3.132629619451881e-02,  3.294913279755535e-01
  2.950000000000000e+00,  2.356118066240033e-01, -1.000790771204549e-01,  9.123155273254987e-03,  4.106030109388243e-01,  2.116720468012826e-02,  3.363666345165435e-01
  2.960000000000000e+00,  2.180296675987329e-01, -1.067918079004277e-01,  9.141825739695041e-03,  4.060207586443649e-01,  1.033305020477657e-02,  3.419790544813234e-01
  2.970000000000000e+00,  1.992404858440952e-01, -1.123362115293109e-01,  9.374993944404459e-03,  3.995574019825665e-01, -7.678236607020966e-04,  3.462320890605403e-01
  2.980000000000000e+00,  1.794413681734703e-01, -1.166873659826142e-01,  9.566081202492183e-03,  3.915169905779866e-01, -1.180603704030039e-02,  3.491139998490023e-01
  2.990000000000000e+00,  1.588493334153013e-01, -1.198619059204495e-01,  9.530156126201965e-03,  3.821847878621225e-01, -2.253807698733125e-02,  3.506937964220002e-01
  3.000000000000000e+00,  1.376699026355147e-01, -1.219174146930773e-01,  9.153685824282758e-03,  3.718118409021255e-01, -3.280453590498845e-02,  3.511021535095622e-01
  3.010000000000000e+00,  1.160776776911844e-01, -1.229477823052396e-01,  8.378549231236711e-03,  3.606081888229263e-01, -4.251928019268804e-02,  3.505110376044722e-01
  3.020000000000000e+00,  9.421069295172969e-02, -1.230749460728426e-01,  7.179412333027347e-03,  3.487445085100239e-01, -5.165384202820572e-02,  3.491188603584497e-01
  3.030000000000000e+00,  7.217284968074551e-02, -1.224382663674761e-01,  5.542334779972321e-03,  3.363589216669134e-01, -6.022160885349384e-02,  3.471418231726636e-01
  3.040000000000000e+00,  5.003635429104376e-02, -1.211825048121200e-01,  3.448155448056496e-03,  3.235656562887118e-01, -6.826536323503030e-02,  3.448072607163378e-01
  3.050000000000000e+00,  2.784402047620697e-02, -1.194440119832476e-01,  8.686932923760198e-04,  3.104629290107166e-01, -7.584918915726113e-02,  3.423406780256097e-01
  3.060000000000000e+00,  5.631783443804288e-03, -1.173396027360869e-01, -2.225437958896365e-03,  2.971407488165057e-01, -8.305203978472606e-02,  3.399503904637773e-01
  3.070000000000000e+00, -1.656169559167334e-02, -1.149566624051599e-01, -5.839719990258106e-03,  2.836835049751942e-01, -8.996212763433081e-02,  3.378073138299624e-01
  3.080000000000000e+00, -3.867910289788971e-02, -1.123544130223169e-01, -9.951369750344932e-03,  2.701744204776580e-01, -9.666930883879940e-02,  3.360488413447014e-01
  3.090000000000000e+00, -6.065132961181530e-02, -1.095672643001497e-01, -1.450990811453146e-02,  2.567008576670890e-01, -1.032600305673657e-01,  3.347815289632947e-01
  3.100000000000000e+00, -8.240518057012100e-02, -1.066099256315878e-01, -1.944331470157523e-02,  2.433639205825247e-01, -1.098166103007703e-01,  3.340754813473437e-01
  3.110000000000000e+00, -1.038666434499924e-01, -1.034853729753005e-01, -2.466368306885727e-02,  2.302878664171503e-01, -1.164177479521418e-01,  3.339540470941934e-01
  3.120000000000000e+00, -1.249593050736275e-01, -1.001961773425666e-01, -3.007049909121266e-02,  2.176238190484514e-01, -1.231355799624985e-01,  3.343880556871142e-01
  3.130000000000000e+00, -1.456036338645431e-01, -9.675562249723102e-02, -3.555823819831510e-02,  2.055459011145288e-01, -1.300301326245764e-01,  3.353011492650942e-01
  3.140000000000000e+00, -1.657204635068006e-01, -9.319501597148894e-02, -4.103239892173850e-02,  1.942404390787650e-01, -1.371459515639226e-01,  3.365873703193188e-01
  3.150000000000000e+00, -1.852386930680242e-01, -8.956457264489570e-02, -4.642130468629151e-02,  1.838868066637961e-01, -1.445139409596719e-01,  3.381295910083690e-01
  3.160000000000000e+00, -2.041004111279663e-01, -8.592692990473982e-02, -5.167868175335228e-02,  1.746342903662678e-01, -1.521570473722800e-01,  3.398131663356008e-01
  3.170000000000000e+00, -2.222665500837089e-01, -8.234691793283089e-02, -5.677598267002730e-02,  1.665815803500892e-01, -1.600930624508760e-01,  3.415335673354427e-01
  3.180000000000000e+00, -2.397190303072378e-01, -7.888359492927899e-02, -6.169432843805062e-02,  1.597677867159499e-01, -1.683291778496542e-01,  3.432022249813098e-01
  3.190000000000000e+00, -2.564638342959661e-01, -7.558674853799108e-02, -6.641484348304308e-02,  1.541763590515367e-01, -1.768529534063523e-01,  3.447422552731516e-01
  3.200000000000000e+00, -2.725474659426101e-01, -7.249535532655815e-02, -7.090196418913776e-02,  1.497458336927672e-01, -1.856285840819018e-01,  3.460667219230105e-01
  3.210000000000000e+00, -2.880277470657325e-01, -6.964250576304765e-02, -7.510157421114892e-02,  1.464042275956348e-01, -1.946092498036316e-01,  3.470389334638246e-01
  3.220000000000000e+00, -3.029882858785453e-01, -6.705492873025909e-02, -7.893004919276696e-02,  1.440842079807641e-01, -2.037389588223782e-01,  3.474456373730381e-01
  3.230000000000000e+00, -3.175111743305436e-01, -6.475608638894537e-02, -8.229064260173891e-02,  1.427439933276540e-01, -2.129542796711119e-01,  3.469959251838563e-01
  3.240000000000000e+00, -3.316699898754219e-01, -6.276412205992243e-02, -8.509153386326702e-02,  1.423697346616707e-01, -2.221795854199938e-01,  3.453544965617761e-01
  3.250000000000000e+00, -3.455128343097429e-01, -6.108639190129184e-02, -8.726752409248539e-02,  1.429739258157883e-01, -2.313245492727768e-01,  3.421972091517175e-01
  3.260000000000000e+00, -3.590448042394172e-01, -5.970755993135413e-02, -8.879828241324010e-02,  1.445906211280725e-01, -2.402812784854171e-01,  3.372723453442499e-01
  3.270000000000000e+00, -3.722120361139386e-01, -5.857139104843845e-02, -8.971480380624754e-02,  1.472715518983789e-01, -2.489209187348481e-01,  3.304439029320372e-01
  3.280000000000000e+00, -3.848958847826952e-01, -5.755973529398228e-02, -9.008792241879306e-02,  1.510856784861670e-01, -2.570922816980332e-01,  3.217044113059604e-01
  3.290000000000000e+00, -3.969245094678002e-01, -5.647643000455682e-02, -9.000278829550111e-02,  1.561190968135592e-01, -2.646239325566725e-01,  3.111606251413327e-01
  3.300000000000000e+00, -4.080983939472437e-01, -5.504471452348514e-02, -8.953214067606946e-02,  1.624738402707795e-01, -2.713286584195096e-01,  2.990014609939916e-01
  3.310000000000000e+00, -4.182186080464728e-01, -5.292588721570346e-02, -8.872139073897470e-02,  1.702656043258717e-01, -2.770061058815628e-01,  2.854620646203797e-01
  3.320000000000000e+00, -4.271105938861604e-01, -4.976277386170991e-02, -8.759579476802221e-02,  1.796178718738541e-01, -2.814390932415046e-01,  2.708020917373296e-01
  3.330000000000000e+00, -4.346383394034345e-01, -4.524176724222762e-02, -8.618910804961720e-02,  1.906517363074378e-01, -2.843837546270674e-01,  2.553041035174856e-01
  3.340000000000000e+00, -4.407075668411460e-01, -3.915482221943534e-02, -8.457832055914057e-02,  2.034780855875143e-01, -2.855595417513812e-01,  2.392772849113578e-01
  3.350000000000001e+00, -4.452575915555071e-01, -3.144347007320047e-02, -8.290530077613203e-02,  2.181992970875251e-01, -2.846458641919258e-01,  2.230469603360781e-01
  3.360000000000000e+00, -4.482453905902565e-01, -2.221779164212934e-02, -8.137663918894436e-02,  2.349201033983845e-01, -2.812873778689206e-01,  2.069247403132582e-01
  3.370000000000000e+00, -4.496266102798238e-01, -1.174973975897631e-02, -8.024101403734862e-02,  2.537632277032357e-01, -2.751077194379138e-01,  1.911627621042111e-01
  3.380000000000000e+00, -4.493395036006171e-01, -4.409847954662816e-04, -7.974601919510811e-02,  2.748842892462977e-01, -2.657310335619242e-01,  1.758964401560484e-01
  3.390000000000000e+00, -4.472964156086662e-01,  1.122959612910113e-02, -8.008470001813930e-02,  2.984796741759451e-01, -2.528075236524756e-01,  1.610898174491670e-01
  3.400000000000000e+00, -4.433802640752735e-01,  2.276568742167839e-02, -8.135327843034514e-02,  3.247830616654684e-01, -2.360391729749939e-01,  1.465113824311329e-01
  3.410000000000000e+00, -4.374415384806677e-01,  3.370766767274347e-02, -8.353512778273864e-02,  3.540491550809280e-01, -2.152076598541620e-01,  1.317616398355653e-01
  3.420000000000000e+00, -4.292985812099123e-01,  4.367803470530474e-02, -8.650480735589210e-02,  3.865256343234580e-01, -1.902103457271283e-01,  1.163490102361593e-01
  3.430000000000000e+00, -4.187494233352365e-01,  5.242138439282584e-02, -9.003896396807992e-02,  4.224154634132659e-01, -1.611083350801093e-01,  9.979773837597261e-02
  3.440000000000000e+00, -4.056021006840193e-01,  5.983606395100893e-02, -9.383216771666308e-02,  4.618318076113132e-01, -1.281863789949356e-01,  8.177646171225293e-02
  3.450000000000000e+00, -3.897212572701912e-01,  6.598480427941311e-02, -9.752589712647405e-02,  5.047531729012776e-01, -9.201727560617337e-02,  6.223680986406131e-02
  3.460000000000000e+00, -3.710750159408089e-01,  7.107276315330813e-02, -1.007562832913693e-01,  5.509938671047544e-01, -5.351224351224364e-02,  4.153299371896400e-02
  3.470000000000000e+00, -3.497173138868087e-01,  7.539547659394485e-02, -1.032014191038908e-01,  6.002085198548492e-01, -1.393769208005238e-02,  2.045971992851628e-02
  3.480000000000000e+00, -3.258619322071167e-01,  7.926864006677969e-02, -1.046549535699163e-01,  6.518959892673807e-01,  2.516082021049944e-02,  2.236522173407733e-04
  3.490000000000000e+00, -2.999755103149208e-01,  8.295666934360457e-02, -1.050561039281549e-01,  7.054248422046971e-01,  6.209518119261104e-02, -1.771712441052451e-02
