Main.Studies.MarkerTracking.t,Main.HumanModel.BodyModel.Interface.Left.HipFlexion.Pos,Main.HumanModel.BodyModel.Interface.Left.HipAbduction.Pos,Main.HumanModel.BodyModel.Interface.Left.HipExternalRotation.Pos,Main.HumanModel.BodyModel.Interface.Left.KneeFlexion.Pos,Main.HumanModel.BodyModel.Interface.Left.AnklePlantarFlexion.Pos,Main.HumanModel.BodyModel.Interface.Left.SubTalarEversion.Pos
  1.600000000000000e+00, -4.523692707969917e-01, -5.337159835208172e-02,  3.795028972129727e-02,  2.765372378734398e-01, -2.558608819969194e-01,  1.351283057446669e-01
  1.610000000000000e+00, -4.541592680077752e-01, -4.038853145702492e-02,  3.489462150730012e-02,  2.941300276787644e-01, -2.362952149174151e-01,  1.166003296218630e-01
  1.620000000000000e+00, -4.543481153385559e-01, -2.713170822356492e-02,  3.160160958402723e-02,  3.142221250240061e-01, -2.129491551598332e-01,  9.813920355516810e-02
  1.630000000000000e+00, -4.528142796155117e-01, -1.394800846427335e-02,  2.805472343298730e-02,  3.372626715638733e-01, -1.858720446126841e-01,  7.978555767923885e-02
  1.640000000000000e+00, -4.493860263804195e-01, -1.157329637635263e-03,  2.429789800976590e-02,  3.637198407807050e-01, -1.552575536097927e-01,  6.152017650075721e-02
  1.650000000000000e+00, -4.438238222239880e-01,  1.097743008224583e-02,  2.042648944793278e-02,  3.940470589270677e-01, -1.214836181219190e-01,  4.332633747867280e-02
  1.660000000000000e+00, -4.358287028754039e-01,  2.227502121588398e-02,  1.657474664744580e-02,  4.286359264326943e-01, -8.515461314762132e-02,  2.526658290795477e-02
  1.670000000000000e+00, -4.250810495602206e-01,  3.264725101935428e-02,  1.288618218183726e-02,  4.677561264070706e-01, -4.713391542861011e-02,  7.577234332551170e-03
  1.680000000000000e+00, -4.113020428339940e-01,  4.209457186561139e-02,  9.474372622841081e-03,  5.114924096661762e-01, -8.550259064841489e-03, -9.252447774763662e-03
  1.690000000000000e+00, -3.943229601583345e-01,  5.068511991891245e-02,  6.390341543270841e-03,  5.596931105998679e-01,  2.924284815113125e-02, -2.446068981809859e-02
  1.700000000000000e+00, -3.741438086305255e-01,  5.851978643093081e-02,  3.609462818187145e-03,  6.119439367102496e-01,  6.476637642815790e-02, -3.708106256506732e-02
  1.710000000000000e+00, -3.509613298773586e-01,  6.569305422766702e-02,  1.044962347399513e-03,  6.675780475021866e-01,  9.655532310958695e-02, -4.608729725553503e-02
  1.720000000000000e+00, -3.251521901570826e-01,  7.226069608646557e-02, -1.417096198247277e-03,  7.257259657248024e-01,  1.232978846340251e-01, -5.056343682950829e-02
  1.730000000000000e+00, -2.972135896231245e-01,  7.822097355333657e-02, -3.877296335546095e-03,  7.853950365286902e-01,  1.439492358224096e-01, -4.984107566448637e-02
  1.740000000000000e+00, -2.676820454972139e-01,  8.351412495301935e-02, -6.391316797741175e-03,  8.455556493066846e-01,  1.578269217437644e-01, -4.358050352312386e-02
  1.750000000000000e+00, -2.370577199644422e-01,  8.804165074317938e-02, -8.955174516382466e-03,  9.052101830394543e-01,  1.646967135802736e-01, -3.180639498194974e-02
  1.760000000000000e+00, -2.057545613438251e-01,  9.169736726408351e-02, -1.151026712893047e-02,  9.634331330301147e-01,  1.648249973951292e-01, -1.491159546410071e-02
  1.770000000000000e+00, -1.740826856451547e-01,  9.439525354201961e-02, -1.396423140460823e-02,  1.019388400474612e+00,  1.589517135927177e-01,  6.367729534941875e-03
  1.780000000000000e+00, -1.422581214522802e-01,  9.608467008083910e-02, -1.621299924877218e-02,  1.072336766002957e+00,  1.481657584621613e-01,  3.100443500605059e-02
  1.790000000000000e+00, -1.104280450901722e-01,  9.675564360813582e-02, -1.815249963980600e-02,  1.121642364592304e+00,  1.337195177598048e-01,  5.775779684485362e-02
  1.800000000000000e+00, -7.869683982984758e-02,  9.644041761544364e-02, -1.968713611678881e-02,  1.166780796146886e+00,  1.168453412302477e-01,  8.527391227895664e-02
  1.810000000000000e+00, -4.714710013952907e-02,  9.521139800938005e-02, -2.074245356547513e-02,  1.207343848294669e+00,  9.862077420962360e-02,  1.122023016055631e-01
  1.820000000000000e+00, -1.585821184473183e-02,  9.317268519803101e-02, -2.127235185578233e-02,  1.243033326967678e+00,  7.990023039397275e-02,  1.373142117116539e-01
  1.830000000000000e+00,  1.507996462240825e-02,  9.044746836947271e-02, -2.125285733340077e-02,  1.273644475731581e+00,  6.130940070684945e-02,  1.596057848921671e-01
  1.840000000000000e+00,  4.556246873469044e-02,  8.716673965322275e-02, -2.066927448600531e-02,  1.299045318049814e+00,  4.328442874753843e-02,  1.783708096777815e-01
  1.850000000000000e+00,  7.546948607921865e-02,  8.345972541265767e-02, -1.950551559801247e-02,  1.319156175925764e+00,  2.612874954315078e-02,  1.932349880981891e-01
  1.860000000000000e+00,  1.046654577356355e-01,  7.944440506338490e-02, -1.773710900399789e-02,  1.333931874147227e+00,  1.006070408306633e-02,  2.041564745605998e-01
  1.870000000000000e+00,  1.330005248925849e-01,  7.522122843141865e-02, -1.532850526209152e-02,  1.343350291501901e+00, -4.761541551311025e-03,  2.114012317317975e-01
  1.880000000000000e+00,  1.603222417179994e-01,  7.087251641101466e-02, -1.223788314992307e-02,  1.347408921176685e+00, -1.823290030898193e-02,  2.154959729810171e-01
  1.890000000000000e+00,  1.864933968275340e-01,  6.646546771252893e-02, -8.427976298477080e-03,  1.346125384167726e+00, -3.029998188345902e-02,  2.171598030626990e-01
  1.900000000000000e+00,  2.114028338274281e-01,  6.205688233400597e-02, -3.876665410122365e-03,  1.339537191818778e+00, -4.095823498094035e-02,  2.172201594868718e-01
  1.910000000000000e+00,  2.349658922176897e-01,  5.769963862810035e-02,  1.415464768528807e-03,  1.327700521362480e+00, -5.024541527673908e-02,  2.165232884556038e-01
  1.920000000000000e+00,  2.571198521089223e-01,  5.345031189468208e-02,  7.419998044081725e-03,  1.310688216704086e+00, -5.822906546255966e-02,  2.158488405388234e-01
  1.930000000000000e+00,  2.778174360614521e-01,  4.937577333026977e-02,  1.407987904698692e-02,  1.288585765574774e+00, -6.498769747396997e-02,  2.158359443233257e-01
  1.940000000000000e+00,  2.970197131921746e-01,  4.555613911453604e-02,  2.131565847066281e-02,  1.261486044593765e+00, -7.059162131045563e-02,  2.169292906546296e-01
  1.950000000000000e+00,  3.146890951648680e-01,  4.208156941151109e-02,  2.903626651906643e-02,  1.229484731105795e+00, -7.508869445330330e-02,  2.193516789316489e-01
  1.960000000000000e+00,  3.307812954783461e-01,  3.904301023196100e-02,  3.714878154777802e-02,  1.192677335452749e+00, -7.849647570921305e-02,  2.231025858290817e-01
  1.970000000000000e+00,  3.452374053828791e-01,  3.652172101587792e-02,  4.556520507153836e-02,  1.151159640063224e+00, -8.080268782375417e-02,  2.279782048012870e-01
  1.980000000000000e+00,  3.579806148779268e-01,  3.458235940331122e-02,  5.420747653798842e-02,  1.105033616050191e+00, -8.197015704097499e-02,  2.336098291967119e-01
  1.990000000000000e+00,  3.689179425392481e-01,  3.326983614540735e-02,  6.301263750070971e-02,  1.054417809890923e+00, -8.193977889812062e-02,  2.395186066918544e-01
  2.000000000000000e+00,  3.779410747466830e-01,  3.260931638512754e-02,  7.194030494881884e-02,  9.994597220809722e-01, -8.063602288163516e-02,  2.451774709422188e-01
  2.010000000000000e+00,  3.849244329313565e-01,  3.261040078520328e-02,  8.098038828270199e-02,  9.403523244844837e-01, -7.798103846740240e-02,  2.500600459940540e-01
  2.020000000000000e+00,  3.897268131267307e-01,  3.327492231934870e-02,  9.015365183261938e-02,  8.773616373662345e-01, -7.391040033209499e-02,  2.536611486498636e-01
  2.030000000000000e+00,  3.922042127210605e-01,  3.460529920030164e-02,  9.950119008295895e-02,  8.108699053699288e-01, -6.838273286231712e-02,  2.555009731744664e-01
  2.040000000000000e+00,  3.922377735596364e-01,  3.661009005457094e-02,  1.090659596079629e-01,  7.414329931568598e-01, -6.138904864576782e-02,  2.551432983362328e-01
  2.050000000000000e+00,  3.897765462792232e-01,  3.930465338422673e-02,  1.188723276723015e-01,  6.698472508019632e-01, -5.297222585113126e-02,  2.522409192228156e-01
  2.060000000000000e+00,  3.848933643166746e-01,  4.270570989280142e-02,  1.289115334556203e-01,  5.972168624047282e-01, -4.326080140780060e-02,  2.465950134852085e-01
  2.070000000000000e+00,  3.778479929175856e-01,  4.681649361030060e-02,  1.391429333623898e-01,  5.250012251375352e-01, -3.251596014524621e-02,  2.382046768229301e-01
  2.080000000000000e+00,  3.691339443328632e-01,  5.159601211805542e-02,  1.495160162482750e-01,  4.550056574841860e-01, -2.117898483298316e-02,  2.272864066498408e-01
  2.090000000000000e+00,  3.594666378583437e-01,  5.691010422985521e-02,  1.599975533759670e-01,  3.892718437476503e-01, -9.883529972380463e-03,  2.142683630484943e-01
  2.100000000000000e+00,  3.496833166744617e-01,  6.248085021949490e-02,  1.705596394554585e-01,  3.298500444266721e-01,  6.103291135888985e-04,  1.998032614205182e-01
  2.110000000000000e+00,  3.405785025856358e-01,  6.787428868351064e-02,  1.810970851178880e-01,  2.785033283412258e-01,  9.566532470802426e-03,  1.848351944560906e-01
  2.120000000000000e+00,  3.327524993442269e-01,  7.255891606692555e-02,  1.913265078752198e-01,  2.364617965868886e-01,  1.645334690682557e-02,  1.706559449700806e-01
  2.130000000000000e+00,  3.265471421444553e-01,  7.601512136426214e-02,  2.007766073825054e-01,  2.043300400862670e-01,  2.107569046254616e-02,  1.588089891479987e-01
  2.140000000000000e+00,  3.220774924508145e-01,  7.783297002160627e-02,  2.089005336484038e-01,  1.821437607801760e-01,  2.362145583158921e-02,  1.508041807805721e-01
  2.150000000000000e+00,  3.193059244389638e-01,  7.775558472447019e-02,  2.152279037524203e-01,  1.694840210579384e-01,  2.463248259167077e-02,  1.477818393314617e-01
  2.160000000000000e+00,  3.181021666140774e-01,  7.567514007104958e-02,  2.194760785969081e-01,  1.655734182029263e-01,  2.491755547467540e-02,  1.502796388554923e-01
  2.170000000000000e+00,  3.182691304055778e-01,  7.161077295130425e-02,  2.216001579522959e-01,  1.693422443428450e-01,  2.541234811653306e-02,  1.581520604291526e-01
  2.180000000000000e+00,  3.195409591702479e-01,  6.568807617697248e-02,  2.217728530919559e-01,  1.794864584582341e-01,  2.699598126155313e-02,  1.706369799157186e-01
  2.190000000000000e+00,  3.215667878050740e-01,  5.812267516237313e-02,  2.202897344115172e-01,  1.945413936971905e-01,  3.029691160224659e-02,  1.865489452383402e-01
  2.200000000000000e+00,  3.239008112184502e-01,  4.920288746457446e-02,  2.174624574090551e-01,  2.129882378576280e-01,  3.554915902486142e-02,  2.045240119672183e-01
  2.210000000000000e+00,  3.260238900360301e-01,  3.927092304764446e-02,  2.136015404593079e-01,  2.333827869456950e-01,  4.255597556306170e-02,  2.232122122685804e-01
  2.220000000000000e+00,  3.274003966318459e-01,  2.870133577847489e-02,  2.090725804640980e-01,  2.544536805253425e-01,  5.075212975636408e-02,  2.414190275996368e-01
  2.230000000000000e+00,  3.275458965435460e-01,  1.786554650456673e-02,  2.043010824134193e-01,  2.751307634184501e-01,  5.930820525710819e-02,  2.582715718777495e-01
  2.240000000000000e+00,  3.260843449336865e-01,  7.081622403362742e-03,  1.997009844709809e-01,  2.945376146537146e-01,  6.725666001663667e-02,  2.733462074826488e-01
  2.250000000000000e+00,  3.227856562465103e-01, -3.427672161909978e-03,  1.956122871369977e-01,  3.120019308921885e-01,  7.364508207972882e-02,  2.866125486599418e-01
  2.260000000000000e+00,  3.175710125775770e-01, -1.354939392397836e-02,  1.922822210891282e-01,  3.270774502661516e-01,  7.768768898774336e-02,  2.982277214910375e-01
  2.270000000000000e+00,  3.104793441537043e-01, -2.326884503790660e-02,  1.898626543436895e-01,  3.395359942923625e-01,  7.887349437846196e-02,  3.083585222507495e-01
  2.280000000000000e+00,  3.016119424757136e-01, -3.263923398936952e-02,  1.884105429939817e-01,  3.493189215408120e-01,  7.701597605530135e-02,  3.171217748880223e-01
  2.290000000000000e+00,  2.910846388201757e-01, -4.173939952293981e-02,  1.878960958964582e-01,  3.564742843357602e-01,  7.224215456606088e-02,  3.245969191624994e-01
  2.300000000000000e+00,  2.790058755295513e-01, -5.063150654309312e-02,  1.882159081111216e-01,  3.611073668626073e-01,  6.492533926957611e-02,  3.308428953571703e-01
  2.310000000000000e+00,  2.654785832268484e-01, -5.933282692960784e-02,  1.892046964368603e-01,  3.633533242415065e-01,  5.558706732997971e-02,  3.359046153618732e-01
  2.320000000000000e+00,  2.506106620870536e-01, -6.780819487286194e-02,  1.906470664077340e-01,  3.633674033357077e-01,  4.480251077254517e-02,  3.398238357312101e-01
  2.330000000000000e+00,  2.345200238047564e-01, -7.597933839055004e-02,  1.922938516548113e-01,  3.613249354986167e-01,  3.312832882458602e-02,  3.426547121820106e-01
  2.340000000000000e+00,  2.173304621071274e-01, -8.374388054416082e-02,  1.938847434647140e-01,  3.574221334803303e-01,  2.105646541073060e-02,  3.444740121829555e-01
  2.350000000000000e+00,  1.991638218006057e-01, -9.099902076267319e-02,  1.951754170889497e-01,  3.518699316208172e-01,  8.991330523156711e-03,  3.453841933338832e-01
  2.360000000000000e+00,  1.801356891239229e-01, -9.766429524803155e-02,  1.959632895140818e-01,  3.448808473251435e-01, -2.756078913452873e-03,  3.455083694122916e-01
  2.370000000000000e+00,  1.603562499007135e-01, -1.036956499263222e-01,  1.961063025035433e-01,  3.366562995320910e-01, -1.396561828771297e-02,  3.449729942970733e-01
  2.380000000000000e+00,  1.399333776938410e-01, -1.090867112185259e-01,  1.955321391891738e-01,  3.273807237884902e-01, -2.450162566365623e-02,  3.438831599571892e-01
  2.390000000000000e+00,  1.189811692775601e-01, -1.138621007392189e-01,  1.942285491801602e-01,  3.172237731607566e-01, -3.429999110443456e-02,  3.423160874612373e-01
  2.400000000000000e+00,  9.758831054748025e-02, -1.180590743803769e-01,  1.922580387025243e-01,  3.063389504048396e-01, -4.336063558270018e-02,  3.402798229359473e-01
  2.410000000000000e+00,  7.585767451012795e-02, -1.217248271563054e-01,  1.896900352428796e-01,  2.948773453175179e-01, -5.171931337708389e-02,  3.377940616982862e-01
  2.420000000000000e+00,  5.387661796757883e-02, -1.249008297798178e-01,  1.866036562756767e-01,  2.829870221579479e-01, -5.944259131109742e-02,  3.348729493228713e-01
  2.430000000000000e+00,  3.172310603548800e-02, -1.276167150923531e-01,  1.830691304760522e-01,  2.708175562257362e-01, -6.661837681313308e-02,  3.315434003444040e-01
  2.440000000000000e+00,  9.486610024143910e-03, -1.299000232632574e-01,  1.791055836595140e-01,  2.585186224728765e-01, -7.333736970755010e-02,  3.279148949282991e-01
  2.450000000000000e+00, -1.276217431219643e-02, -1.317675715034039e-01,  1.747346407799202e-01,  2.462343799449569e-01, -7.969906765815461e-02,  3.241064156646191e-01
  2.460000000000000e+00, -3.495024896106132e-02, -1.332376151215897e-01,  1.699584056959397e-01,  2.341010938461031e-01, -8.579862014277545e-02,  3.202904716416365e-01
  2.470000000000000e+00, -5.700895747271013e-02, -1.343284891934255e-01,  1.647831117443836e-01,  2.222434255946256e-01, -9.172864568887977e-02,  3.166582320931929e-01
  2.480000000000000e+00, -7.887672709839498e-02, -1.350581807792313e-01,  1.592331498746810e-01,  2.107708700542362e-01, -9.757922048123631e-02,  3.133928371861001e-01
  2.490000000000000e+00, -1.004982929894089e-01, -1.354440881357528e-01,  1.533562340185823e-01,  1.997770628771942e-01, -1.034370877430156e-01,  3.106487920228017e-01
  2.500000000000000e+00, -1.218160032137983e-01, -1.355031682298056e-01,  1.472187606327107e-01,  1.893450721880196e-01, -1.093857961319421e-01,  3.085402999264459e-01
  2.510000000000000e+00, -1.427563598755226e-01, -1.352531000970632e-01,  1.408990808077490e-01,  1.795565285025007e-01, -1.155067764924710e-01,  3.071341454792552e-01
  2.520000000000000e+00, -1.632222273007053e-01, -1.347154722194954e-01,  1.344847404711033e-01,  1.704983960894686e-01, -1.218786040282655e-01,  3.064444569101790e-01
  2.530000000000000e+00, -1.830931973677977e-01, -1.339207827270770e-01,  1.280712385589944e-01,  1.622648846245182e-01, -1.285735513836560e-01,  3.064330702353623e-01
  2.540000000000000e+00, -2.022276001673649e-01, -1.329144019905000e-01,  1.217573686788998e-01,  1.549561195751807e-01, -1.356527691642217e-01,  3.070200862011631e-01
  2.550000000000000e+00, -2.204675236212088e-01, -1.317608725956589e-01,  1.156366407322814e-01,  1.486740543927312e-01, -1.431616891104006e-01,  3.081012997838681e-01
  2.560000000000000e+00, -2.376524460983405e-01, -1.305429099226347e-01,  1.097881133946981e-01,  1.435154550049830e-01, -1.511271096314293e-01,  3.095637036561918e-01
  2.570000000000000e+00, -2.536388211466503e-01, -1.293548522315036e-01,  1.042697336090667e-01,  1.395629144011283e-01, -1.595560934774179e-01,  3.112945451150355e-01
  2.580000000000000e+00, -2.683192599651073e-01, -1.282929735400271e-01,  9.911544679824684e-02,  1.368754061999911e-01, -1.684357452031331e-01,  3.131838474929793e-01
  2.590000000000000e+00, -2.816379359992858e-01, -1.274447067128575e-01,  9.433604154627312e-02,  1.354801517888727e-01, -1.777337632392679e-01,  3.151210442209711e-01
  2.600000000000000e+00, -2.936025190260918e-01, -1.268790013577914e-01,  8.992369248132455e-02,  1.353666338479099e-01, -1.874004246808474e-01,  3.169876831114359e-01
  2.610000000000000e+00, -3.042945198184838e-01, -1.266400182841803e-01,  8.585827701316195e-02,  1.364826163270780e-01, -1.973707452397573e-01,  3.186505597504298e-01
  2.620000000000000e+00, -3.138760925060723e-01, -1.267443459322510e-01,  8.210959773651973e-02,  1.387336047355257e-01, -2.075644484775224e-01,  3.199601840202199e-01
  2.630000000000000e+00, -3.225858374467623e-01, -1.271808541795034e-01,  7.863285966650370e-02,  1.419887513106843e-01, -2.178842895795574e-01,  3.207549649954339e-01
  2.640000000000000e+00, -3.307193325735778e-01, -1.279130202326499e-01,  7.536090103460878e-02,  1.460938871030366e-01, -2.282142263564825e-01,  3.208689810353809e-01
  2.650000000000000e+00, -3.386000264225376e-01, -1.288826415648088e-01,  7.219732139993057e-02,  1.508886027687733e-01, -2.384181808444154e-01,  3.201426967254181e-01
  2.660000000000000e+00, -3.465474438337617e-01, -1.300124360492811e-01,  6.901616551620675e-02,  1.562239276498188e-01, -2.483415255460724e-01,  3.184331619338158e-01
  2.670000000000000e+00, -3.548429153705391e-01, -1.312054393916926e-01,  6.567531114471321e-02,  1.619791093222958e-01, -2.578166888762599e-01,  3.156173461365332e-01
  2.680000000000000e+00, -3.636915594432938e-01, -1.323398142684589e-01,  6.204561100708214e-02,  1.680772532010850e-01, -2.666719321019375e-01,  3.115856856961640e-01
  2.690000000000000e+00, -3.731835776608137e-01, -1.332598145714847e-01,  5.804984037752819e-02,  1.745000816893244e-01, -2.747417737858276e-01,  3.062284529175094e-01
  2.700000000000000e+00, -3.832640866612171e-01, -1.337691883588827e-01,  5.369782226659233e-02,  1.812998811063505e-01, -2.818759755710907e-01,  2.994233395542610e-01
  2.710000000000000e+00, -3.937286576418609e-01, -1.336373124495727e-01,  4.909943421661115e-02,  1.886010454238170e-01, -2.879407866015614e-01,  2.910369483462049e-01
  2.720000000000000e+00, -4.042589271780321e-01, -1.326232124940170e-01,  4.444385657411546e-02,  1.965834415639657e-01, -2.928075569440144e-01,  2.809473717504642e-01
  2.730000000000000e+00, -4.144901917078437e-01, -1.305100045387497e-01,  3.995136994098613e-02,  2.054505304680608e-01, -2.963319976967139e-01,  2.690793562820273e-01
  2.740000000000000e+00, -4.240851244801557e-01, -1.271320180333930e-01,  3.582775032950081e-02,  2.153972422821392e-01, -2.983348524287840e-01,  2.554165052202515e-01
  2.750000000000000e+00, -4.327697751729526e-01, -1.223942016409867e-01,  3.219682574482709e-02,  2.265853811845891e-01, -2.985888137185014e-01,  2.400650090697742e-01
  2.760000000000000e+00, -4.403660483184512e-01, -1.162594479240922e-01,  2.913396495467608e-02,  2.391473805647006e-01, -2.968237732092165e-01,  2.231486717883567e-01
  2.770000000000000e+00, -4.467681423934763e-01, -1.087472077682921e-01,  2.664222861571072e-02,  2.531970851674827e-01, -2.927325453977025e-01,  2.048345461768215e-01
  2.780000000000000e+00, -4.519198332470202e-01, -9.992593886225642e-02,  2.466868853850553e-02,  2.688518486947555e-01, -2.859815399505066e-01,  1.853002270764249e-01
  2.790000000000000e+00, -4.557802105946845e-01, -8.991319174810597e-02,  2.310803655361534e-02,  2.862543052599742e-01, -2.762235205372119e-01,  1.647427447956373e-01
  2.800000000000000e+00, -4.583118122704639e-01, -7.886718472302423e-02,  2.184164575021180e-02,  3.055908755537527e-01, -2.631126667963148e-01,  1.433259095254151e-01
  2.810000000000000e+00, -4.594380753730845e-01, -6.700294733390555e-02,  2.071239134151747e-02,  3.270996776886044e-01, -2.463304821481196e-01,  1.212682710537228e-01
  2.820000000000000e+00, -4.590457390953693e-01, -5.458040645561191e-02,  1.957733598831970e-02,  3.510759480343898e-01, -2.256181270695397e-01,  9.876766691842662e-02
  2.830000000000000e+00, -4.569789370743681e-01, -4.189095909553453e-02,  1.832094352928312e-02,  3.778631575095805e-01, -2.008204571423975e-01,  7.600446567274401e-02
  2.840000000000000e+00, -4.530348605746797e-01, -2.922839812890188e-02,  1.686396674258969e-02,  4.078328668710305e-01, -1.719401488762067e-01,  5.315581137314240e-02
  2.850000000000001e+00, -4.469506417827709e-01, -1.685434119287677e-02,  1.516401299777440e-02,  4.413548425022835e-01, -1.392002050633126e-01,  3.044135522257031e-02
  2.860000000000000e+00, -4.383976207326404e-01, -4.966007907026615e-03,  1.321383868529260e-02,  4.787575935615821e-01, -1.031101234131133e-01,  8.183087168999266e-03
  2.870000000000000e+00, -4.270087740174469e-01,  6.324741852570481e-03,  1.103099064602094e-02,  5.202756192593972e-01, -6.452359369761775e-02, -1.313834408623716e-02
  2.880000000000000e+00, -4.124463368797011e-01,  1.699061820657244e-02,  8.632557220496655e-03,  5.659852121469474e-01, -2.466297924479081e-02, -3.285036058010034e-02
  2.890000000000000e+00, -3.944913995170076e-01,  2.706149045726436e-02,  6.005154318198389e-03,  6.157435500442272e-01,  1.492454375060651e-02, -5.010743256856565e-02
  2.900000000000000e+00, -3.731222840924856e-01,  3.657765878391950e-02,  3.090944373020063e-03,  6.691526003201491e-01,  5.249981606257777e-02, -6.397826094279463e-02
  2.910000000000000e+00, -3.485496165025795e-01,  4.554141143954960e-02, -1.969283666726075e-04,  7.255633714428842e-01,  8.632886092194578e-02, -7.357698035475292e-02
  2.920000000000000e+00, -3.211932449526749e-01,  5.388569288708456e-02, -3.934097575460857e-03,  7.841235220011276e-01,  1.148831601984770e-01, -7.818827203706173e-02
  2.930000000000000e+00, -2.916111863024546e-01,  6.146994781824477e-02, -8.139104825340710e-03,  8.438570305383309e-01,  1.369931283520548e-01, -7.734712770047604e-02
  2.940000000000000e+00, -2.604087110091906e-01,  6.809998154633923e-02, -1.274394188586518e-02,  9.037514812055326e-01,  1.519474386132552e-01, -7.086896330352306e-02
  2.950000000000000e+00, -2.281559805949688e-01,  7.356348430522242e-02, -1.759132363838063e-02,  9.628275861664348e-01,  1.595518761521550e-01, -5.886017589916855e-02
  2.960000000000000e+00, -1.953312398603601e-01,  7.767437668618227e-02, -2.245624125262286e-02,  1.020180266932064e+00,  1.601427619210272e-01, -4.173412969864562e-02
  2.970000000000000e+00, -1.622957322684413e-01,  8.031362586593360e-02, -2.708560030830468e-02,  1.074997158683072e+00,  1.545315847986701e-01, -2.022001492375000e-02
  2.980000000000000e+00, -1.292998134009254e-01,  8.145117228272314e-02, -3.124323927209419e-02,  1.126566324824179e+00,  1.438731978235664e-01,  4.661007957774035e-03
  2.990000000000000e+00, -9.651085388145378e-02,  8.114588548736257e-02, -3.474293662955725e-02,  1.174281822543675e+00,  1.294841814378077e-01,  3.166227093901118e-02
  3.000000000000000e+00, -6.404584355538914e-02,  7.953219643268117e-02, -3.746124027824423e-02,  1.217649297339481e+00,  1.126600341201130e-01,  5.941822360517975e-02
  3.010000000000000e+00, -3.199645751269018e-02,  7.680114014406025e-02, -3.933436270129560e-02,  1.256287800042491e+00,  9.453620480822857e-02,  8.657616158790685e-02
  3.020000000000000e+00, -4.439933582268532e-04,  7.317951143659873e-02, -4.034851207287780e-02,  1.289923379659648e+00,  7.601538584913814e-02,  1.119241261208242e-01
  3.030000000000000e+00,  3.053150300431333e-02,  6.890968832281930e-02, -4.052855332992234e-02,  1.318373559863891e+00,  5.775961583264838e-02,  1.344899851545614e-01
  3.040000000000000e+00,  6.084049365255579e-02,  6.423146887411058e-02, -3.992290755098073e-02,  1.341525199518567e+00,  4.022838649677005e-02,  1.536037250337191e-01
  3.050000000000000e+00,  9.037571200965913e-02,  5.936597535761523e-02, -3.858698140029130e-02,  1.359312596457005e+00,  2.373400165322845e-02,  1.689264705499433e-01
  3.060000000000000e+00,  1.190194240164309e-01,  5.450217351798980e-02, -3.657307178580722e-02,  1.371702956716167e+00,  8.489611032096285e-03,  1.804515366486204e-01
  3.070000000000000e+00,  1.466602698232524e-01,  4.978834723157433e-02, -3.392757784366593e-02,  1.378688557451633e+00, -5.359471480148665e-03,  1.884800895556126e-01
  3.080000000000000e+00,  1.731991797872591e-01,  4.533008200984678e-02, -3.069015267198062e-02,  1.380280854117173e+00, -1.771817465985134e-02,  1.935725446629591e-01
  3.090000000000000e+00,  1.985400973369680e-01,  4.119274975017051e-02, -2.689200742051476e-02,  1.376505434831616e+00, -2.853116672661602e-02,  1.964790541839863e-01
  3.100000000000000e+00,  2.225770620960949e-01,  3.740709613346693e-02, -2.255401619833890e-02,  1.367399254358256e+00, -3.777588556906549e-02,  1.980550008176876e-01
  3.110000000000000e+00,  2.451876667009188e-01,  3.397956162471916e-02, -1.768672674444323e-02,  1.353011441223791e+00, -4.546013407930483e-02,  1.991692052146163e-01
  3.120000000000000e+00,  2.662358801768446e-01,  3.090616207977326e-02, -1.229350199846621e-02,  1.333407337937733e+00, -5.162396677685743e-02,  2.006154737282085e-01
  3.130000000000000e+00,  2.855790277072836e-01,  2.818454387025726e-02, -6.376551044437043e-03,  1.308672939796257e+00, -5.633797890995386e-02,  2.030351105997679e-01
  3.140000000000000e+00,  3.030738058028516e-01,  2.582104582118849e-02,  5.519434963076768e-05,  1.278917726645172e+00, -5.969066519868961e-02,  2.068522482852886e-01
  3.150000000000000e+00,  3.185832739486096e-01,  2.383219050843910e-02,  6.979574716848725e-03,  1.244276675648959e+00, -6.177128109608918e-02,  2.122290312821772e-01
  3.160000000000000e+00,  3.319856917904109e-01,  2.223977082495909e-02,  1.435938790357011e-02,  1.204912266140874e+00, -6.266190921335549e-02,  2.190516629062360e-01
  3.170000000000000e+00,  3.431825488278629e-01,  2.106232587749735e-02,  2.214530179219235e-02,  1.161016530552127e+00, -6.244307017726206e-02,  2.269510372704663e-01
  3.180000000000000e+00,  3.521025032863926e-01,  2.030862765146302e-02,  3.028121924486087e-02,  1.112814193300565e+00, -6.120234814411770e-02,  2.353535897715600e-01
  3.190000000000000e+00,  3.586976936642168e-01,  1.997525375462628e-02,  3.870726340029495e-02,  1.060569132961384e+00, -5.903299223468363e-02,  2.435481005404855e-01
  3.200000000000000e+00,  3.629355097070252e-01,  2.004754575740808e-02,  4.735683501930844e-02,  1.004595712430175e+00, -5.602105670517293e-02,  2.507543274771815e-01
  3.210000000000000e+00,  3.647952564119039e-01,  2.050400101251371e-02,  5.615359322742078e-02,  9.452741099214956e-01, -5.222657500632786e-02,  2.562016079023316e-01
  3.220000000000000e+00,  3.642735386632749e-01,  2.132385477000476e-02,  6.501645955074878e-02,  8.830675778001060e-01, -4.766790653744136e-02,  2.592316279167130e-01
  3.230000000000000e+00,  3.613960085910737e-01,  2.249482657263679e-02,  7.386880149044241e-02,  8.185415577005394e-01, -4.232218086119052e-02,  2.594098837024978e-01
  3.240000000000000e+00,  3.562360205083009e-01,  2.401564376798571e-02,  8.264056758105066e-02,  7.523880211008336e-01, -3.614546581334796e-02,  2.566083797005015e-01
  3.250000000000000e+00,  3.489419855930608e-01,  2.588969677865460e-02,  9.126251685239196e-02,  6.854550761353142e-01, -2.910642161122928e-02,  2.510361660861058e-01
  3.260000000000000e+00,  3.397677264768613e-01,  2.811063618887055e-02,  9.966673615976855e-02,  6.187707361216942e-01, -2.122854130636841e-02,  2.432180194408552e-01
  3.270000000000000e+00,  3.290852382362451e-01,  3.063947531954136e-02,  1.078047071536819e-01,  5.535432448404938e-01, -1.263170630174832e-02,  2.339248447418166e-01
  3.280000000000000e+00,  3.174058414815382e-01,  3.338967334795417e-02,  1.156884417302909e-01,  4.911323217863851e-01, -3.554464397682762e-03,  2.240540156535813e-01
  3.290000000000000e+00,  3.052996642162292e-01,  3.618721497878918e-02,  1.234205894473959e-01,  4.329649062495521e-01,  5.658684040576555e-03,  2.144897127530067e-01
  3.300000000000000e+00,  2.933536562207831e-01,  3.876263090146770e-02,  1.312122557535335e-01,  3.804244430834462e-01,  1.461420740513087e-02,  2.059787583325259e-01
  3.310000000000000e+00,  2.820896805570735e-01,  4.075031224888859e-02,  1.393408178975991e-01,  3.347136821511494e-01,  2.296342127192446e-02,  1.990867213053957e-01
  3.320000000000000e+00,  2.719040223270975e-01,  4.172136100169044e-02,  1.480542087014188e-01,  2.967268364390512e-01,  3.050303797535005e-02,  1.942489004459128e-01
  3.330000000000000e+00,  2.630413051817936e-01,  4.125027058735675e-02,  1.574705315520559e-01,  2.669675427090844e-01,  3.723514136553789e-02,  1.918513188955659e-01
  3.340000000000000e+00,  2.556067640945696e-01,  3.899669318448362e-02,  1.675321075689218e-01,  2.455336440740936e-01,  4.335295194418774e-02,  1.922431527080851e-01
  3.350000000000001e+00,  2.495976170912578e-01,  3.477264993633922e-02,  1.780186114043084e-01,  2.321484479413818e-01,  4.915035006369940e-02,  1.956592929049231e-01
  3.360000000000000e+00,  2.449273650532205e-01,  2.857539624271488e-02,  1.885784108715298e-01,  2.262016798877637e-01,  5.487760845801479e-02,  2.021197967741363e-01
  3.370000000000000e+00,  2.414316722280671e-01,  2.058067113206330e-02,  1.987548985291844e-01,  2.267887910609020e-01,  6.058633594805471e-02,  2.113750983757429e-01
  3.380000000000000e+00,  2.388619937303631e-01,  1.110085911101244e-02,  2.080288852546739e-01,  2.327643507790654e-01,  6.603956352901012e-02,  2.229113178183442e-01
  3.390000000000000e+00,  2.368820864950478e-01,  5.234311906969769e-04,  2.159038121537878e-01,  2.428239565903366e-01,  7.076400408217294e-02,  2.359937356962503e-01
  3.400000000000000e+00,  2.350832052678275e-01, -1.074556429667295e-02,  2.220230141838254e-01,  2.556106289217528e-01,  7.422262820934844e-02,  2.497409466171731e-01
  3.410000000000000e+00,  2.330224615082603e-01, -2.231577131338613e-02,  2.262723441897185e-01,  2.698234635692778e-01,  7.597615229463840e-02,  2.632440307406289e-01
  3.420000000000000e+00,  2.302720911472517e-01, -3.383066092175246e-02,  2.288160045712198e-01,  2.843010845240076e-01,  7.573946319968497e-02,  2.757132855152175e-01
  3.430000000000000e+00,  2.264618884081424e-01, -4.498858133241557e-02,  2.300414508163360e-01,  2.980678554526025e-01,  7.336554659444371e-02,  2.865927286190236e-01
  3.440000000000000e+00,  2.213035734694656e-01, -5.557428612137061e-02,  2.304369730797583e-01,  3.103507620768870e-01,  6.882934017695327e-02,  2.955971861378907e-01
  3.450000000000000e+00,  2.145958474326977e-01, -6.548720577507994e-02,  2.304618737383528e-01,  3.205806103448243e-01,  6.222752300772611e-02,  3.026708176484093e-01
  3.460000000000000e+00,  2.062171055059224e-01, -7.474455032219529e-02,  2.304627170277543e-01,  3.283836397014148e-01,  5.377468665533196e-02,  3.079051111402943e-01
  3.470000000000000e+00,  1.961146228126359e-01, -8.345125595225866e-02,  2.306467863028615e-01,  3.335631858480040e-01,  4.378806950971506e-02,  3.114679616643829e-01
  3.480000000000000e+00,  1.842968870801977e-01, -9.174942797856489e-02,  2.310905902589793e-01,  3.360746376545524e-01,  3.266028859886785e-02,  3.135643426227310e-01
  3.490000000000000e+00,  1.708337051028403e-01, -9.976870329119381e-02,  2.317608089202537e-01,  3.359997650095516e-01,  2.082107970954557e-02,  3.144162327469947e-01
