Main.Studies.MarkerTracking.t,Main.HumanModel.BodyModel.Interface.Right.HipFlexion.Pos[0],Main.HumanModel.BodyModel.Interface.Right.HipAbduction.Pos[0],Main.HumanModel.BodyModel.Interface.Right.HipExternalRotation.Pos[0],Main.HumanModel.BodyModel.Interface.Right.KneeFlexion.Pos[0],Main.HumanModel.BodyModel.Interface.Right.AnklePlantarFlexion.Pos[0],Main.HumanModel.BodyModel.Interface.Right.SubTalarEversion.Pos[0]
  1.600000000000000e+00,  3.644369167044550e-01,  7.199301133332781e-02,  1.491005468304584e-01,  2.119749259367692e-01, -1.525353612270392e-02,  2.151173798899054e-01
  1.610000000000000e+00,  3.657199387963644e-01,  6.181950243748213e-02,  1.396471913847199e-01,  2.289511688975905e-01, -1.869735536370744e-03,  2.330151471215838e-01
  1.620000000000000e+00,  3.670368859980813e-01,  5.028477997753633e-02,  1.290098438205887e-01,  2.481586937595203e-01,  1.269863243943985e-02,  2.496839926818024e-01
  1.630000000000000e+00,  3.679089381453600e-01,  3.768715552102408e-02,  1.175304882480793e-01,  2.686292756383273e-01,  2.742143251709842e-02,  2.644012940186863e-01
  1.640000000000000e+00,  3.678521038375366e-01,  2.435836349731524e-02,  1.055677093237342e-01,  2.894923071313713e-01,  4.118011141455796e-02,  2.769865408151166e-01
  1.650000000000000e+00,  3.664350269082761e-01,  1.064287981381096e-02,  9.350297241106768e-02,  3.099454702777889e-01,  5.296637042003860e-02,  2.877655292224316e-01
  1.660000000000000e+00,  3.633321566199589e-01, -3.123410944623206e-03,  8.172707636718439e-02,  3.292635089638496e-01,  6.201120001512804e-02,  2.973587546067885e-01
  1.670000000000000e+00,  3.583588331475987e-01, -1.663278614283570e-02,  7.063378646909382e-02,  3.468425953876731e-01,  6.784484413517423e-02,  3.063645429614784e-01
  1.680000000000000e+00,  3.514718247181947e-01, -2.962616635341075e-02,  6.060682503860602e-02,  3.622323770550737e-01,  7.029298223021271e-02,  3.151226896803792e-01
  1.690000000000000e+00,  3.427338078580194e-01, -4.190978320203076e-02,  5.199461331596682e-02,  3.751319858804484e-01,  6.943069825236343e-02,  3.236662322780113e-01
  1.700000000000000e+00,  3.322567954899567e-01, -5.335950593460503e-02,  4.507702021604462e-02,  3.853641103915819e-01,  6.552411123522639e-02,  3.318135826094100e-01
  1.710000000000000e+00,  3.201479367269737e-01, -6.391201528948920e-02,  4.002928096920883e-02,  3.928486339911772e-01,  5.897271514404229e-02,  3.392831421447492e-01
  1.720000000000000e+00,  3.064791801999961e-01, -7.354700826764016e-02,  3.689586015704205e-02,  3.975839978318244e-01,  5.025229783962025e-02,  3.457600246629107e-01
  1.730000000000000e+00,  2.912893408430046e-01, -8.226529785072034e-02,  3.558569031303247e-02,  3.996341212734953e-01,  3.986517338836118e-02,  3.509296841378153e-01
  1.740000000000000e+00,  2.746100595754510e-01, -9.007071056468541e-02,  3.588738344886536e-02,  3.991172150218787e-01,  2.830820256873795e-02,  3.545175984208631e-01
  1.750000000000000e+00,  2.564984586259492e-01, -9.696327742591104e-02,  3.749615783820703e-02,  3.961957281629946e-01,  1.605597826158241e-02,  3.563370399391750e-01
  1.760000000000000e+00,  2.370611325040121e-01, -1.029432210469505e-01,  4.004719767606311e-02,  3.910690638400767e-01,  3.545404471888205e-03,  3.563223769191060e-01
  1.770000000000000e+00,  2.164615039692184e-01, -1.080185484539600e-01,  4.315176625523766e-02,  3.839683227896649e-01, -8.844673093310777e-03,  3.545379214097455e-01
  1.780000000000000e+00,  1.949101315856383e-01, -1.122104371629700e-01,  4.643001743700599e-02,  3.751492029084987e-01, -2.081257903998138e-02,  3.511642354257624e-01
  1.790000000000000e+00,  1.726429186249603e-01, -1.155542662073910e-01,  4.953796510459007e-02,  3.648811264491905e-01, -3.214484431033313e-02,  3.464644465265346e-01
  1.800000000000000e+00,  1.498946581229713e-01, -1.180968316528104e-01,  5.219061699296951e-02,  3.534323425751517e-01, -4.271631215025779e-02,  3.407442576731997e-01
  1.810000000000000e+00,  1.268736958418695e-01, -1.198930496475787e-01,  5.417653893775370e-02,  3.410521790275652e-01, -5.247850109887833e-02,  3.343255649808142e-01
  1.820000000000000e+00,  1.037444479436666e-01, -1.210034940539400e-01,  5.535691302607295e-02,  3.279596583288514e-01, -6.144142162253438e-02,  3.275329796487321e-01
  1.830000000000000e+00,  8.062441958247216e-02, -1.214914590055980e-01,  5.565306784702802e-02,  3.143449101862756e-01, -6.965651648197747e-02,  3.206788055813393e-01
  1.840000000000000e+00,  5.759175777146264e-02, -1.214198809164406e-01,  5.502992668026527e-02,  3.003731759459386e-01, -7.720183449063747e-02,  3.140471824147276e-01
  1.850000000000000e+00,  3.469441875380181e-02, -1.208469236445342e-01,  5.348158802587508e-02,  2.861858998254450e-01, -8.417033469697992e-02,  3.078845309114328e-01
  1.860000000000000e+00,  1.195860376632306e-02, -1.198185219829166e-01,  5.102743255151929e-02,  2.719074995900416e-01, -9.066562467654400e-02,  3.023921858311867e-01
  1.870000000000000e+00, -1.060199963636785e-02, -1.183625004986009e-01,  4.771883795599574e-02,  2.576554023443633e-01, -9.680176221265981e-02,  2.977201438579883e-01
  1.880000000000000e+00, -3.297295665469841e-02, -1.164899920255560e-01,  4.364604326222811e-02,  2.435446001996779e-01, -1.026992318758771e-01,  2.939663249114208e-01
  1.890000000000000e+00, -5.512195720254651e-02, -1.142032543560820e-01,  3.893715808959503e-02,  2.296915165305461e-01, -1.084765962880182e-01,  2.911766605156851e-01
  1.900000000000000e+00, -7.698648202739131e-02, -1.115058989893676e-01,  3.374779125141596e-02,  2.162212105633724e-01, -1.142412036807414e-01,  2.893434335878815e-01
  1.910000000000000e+00, -9.847278603643597e-02, -1.084137093916420e-01,  2.824405452363288e-02,  2.032705231258789e-01, -1.200810566656650e-01,  2.884113742187873e-01
  1.920000000000000e+00, -1.194638471081849e-01, -1.049649735952602e-01,  2.258453786278377e-02,  1.909822076027298e-01, -1.260605654458053e-01,  2.882954572643561e-01
  1.930000000000000e+00, -1.398311525320728e-01, -1.012271920657388e-01,  1.690499261392325e-02,  1.794940437822480e-01, -1.322211684248656e-01,  2.889003227492591e-01
  1.940000000000000e+00, -1.594463352103223e-01, -9.729665218215233e-02,  1.130675749424078e-02,  1.689289537146366e-01, -1.385853901078744e-01,  2.901308134741505e-01
  1.950000000000000e+00, -1.781916513532986e-01, -9.329007066992201e-02,  5.853312881367540e-03,  1.593888014050166e-01, -1.451648113378923e-01,  2.918893517273631e-01
  1.960000000000000e+00, -1.959713293216672e-01, -8.933131993079035e-02,  5.778831383546213e-04,  1.509497428374465e-01, -1.519686207437096e-01,  2.940640525610764e-01
  1.970000000000000e+00, -2.127242451734480e-01, -8.553862819424141e-02, -4.505173394395053e-03,  1.436550044268551e-01, -1.590034053931050e-01,  2.965208749564738e-01
  1.980000000000000e+00, -2.284334203775858e-01, -8.201606848118725e-02, -9.390200890761287e-03,  1.375072473145482e-01, -1.662640854671470e-01,  2.991028482410843e-01
  1.990000000000000e+00, -2.431288165757202e-01, -7.884929789106954e-02, -1.406772772472685e-02,  1.324675018161525e-01, -1.737251273126442e-01,  3.016247181355149e-01
  2.000000000000000e+00, -2.568863142151008e-01, -7.610352757342698e-02, -1.851413410978235e-02,  1.284623715608023e-01, -1.813348339605038e-01,  3.038624296181479e-01
  2.010000000000000e+00, -2.698253180045233e-01, -7.382274055786842e-02, -2.269394942420500e-02,  1.253974573817284e-01, -1.890134013207783e-01,  3.055477189501169e-01
  2.020000000000000e+00, -2.821032159791745e-01, -7.203063736871895e-02, -2.657251165269869e-02,  1.231768015504697e-01, -1.966597375415088e-01,  3.063715776010150e-01
  2.030000000000000e+00, -2.939054229069095e-01, -7.073342654763182e-02, -3.012849231323983e-02,  1.217263054714002e-01, -2.041671800780231e-01,  3.059956040905834e-01
  2.040000000000000e+00, -3.054317416107033e-01, -6.992309762294635e-02, -3.336245082559053e-02,  1.210136803169818e-01, -2.114402877499783e-01,  3.040720497025268e-01
  2.050000000000000e+00, -3.168802089879565e-01, -6.957855385991452e-02, -3.630433164224124e-02,  1.210560578203512e-01, -2.184019751375188e-01,  3.002767326923509e-01
  2.060000000000000e+00, -3.284258363493768e-01, -6.966207741793218e-02, -3.902075059693436e-02,  1.219121318444700e-01, -2.249857346934564e-01,  2.943562458972152e-01
  2.070000000000000e+00, -3.401875579022934e-01, -7.010889123189790e-02, -4.161571669896309e-02,  1.236650091480891e-01, -2.311199587280728e-01,  2.861780513232888e-01
  2.080000000000000e+00, -3.521846665609584e-01, -7.080663993339265e-02, -4.421361551361266e-02,  1.264076584558026e-01, -2.367164221741631e-01,  2.757597817315300e-01
  2.090000000000000e+00, -3.643018409258961e-01, -7.156533804837273e-02, -4.691954358801844e-02,  1.302390552410675e-01, -2.416689067272567e-01,  2.632570399063876e-01
  2.100000000000000e+00, -3.762889777469496e-01, -7.209225383869766e-02, -4.977202285688145e-02,  1.352670950345635e-01, -2.458586379980394e-01,  2.489120101137867e-01
  2.110000000000000e+00, -3.878051184095552e-01, -7.199867940426041e-02, -5.271911129559464e-02,  1.416078646208426e-01, -2.491565765612705e-01,  2.329911052192896e-01
  2.120000000000000e+00, -3.984880868266261e-01, -7.085402080498682e-02, -5.563863118571082e-02,  1.493778045034602e-01, -2.514145781852636e-01,  2.157444853406714e-01
  2.130000000000000e+00, -4.080178318517071e-01, -6.826831463067196e-02, -5.839214631114655e-02,  1.586832916974641e-01, -2.524486664231936e-01,  1.973993746833973e-01
  2.140000000000000e+00, -4.161507954773362e-01, -6.396331660378962e-02, -6.088120446507517e-02,  1.696138528353791e-01, -2.520259901508440e-01,  1.781736732985279e-01
  2.150000000000000e+00, -4.227238373118909e-01, -5.780761434025750e-02, -6.308117004581833e-02,  1.822449165545506e-01, -2.498621105091991e-01,  1.582896778963854e-01
  2.160000000000000e+00, -4.276401447781626e-01, -4.981906461064511e-02, -6.504958014087872e-02,  1.966520960108018e-01, -2.456263415329417e-01,  1.379781986327958e-01
  2.170000000000000e+00, -4.308483649397677e-01, -4.014958827681037e-02, -6.691962109061339e-02,  2.129320225226082e-01, -2.389512955907303e-01,  1.174743160923362e-01
  2.180000000000000e+00, -4.323203131033133e-01, -2.906384572333720e-02, -6.888563341617014e-02,  2.312223940916161e-01, -2.294455513574029e-01,  9.700586541080114e-02
  2.190000000000000e+00, -4.320313440032530e-01, -1.691601435468959e-02, -7.117800779380908e-02,  2.517166055698472e-01, -2.167107874576694e-01,  7.676970584316582e-02
  2.200000000000000e+00, -4.299463307077381e-01, -4.124507970926450e-03, -7.402623929804515e-02,  2.746691289604262e-01, -2.003647986759575e-01,  5.689486723088685e-02
  2.210000000000000e+00, -4.260075292100577e-01,  8.856170808335895e-03, -7.761870726446428e-02,  3.003863849630705e-01, -1.800701409900418e-01,  3.740599226926766e-02
  2.220000000000000e+00, -4.201175657218600e-01,  2.156900674730555e-02, -8.206810561876282e-02,  3.292015295106676e-01, -1.555692900054689e-01,  1.820783564192401e-02
  2.230000000000000e+00, -4.121218388417314e-01,  3.359728899209191e-02, -8.738240175331394e-02,  3.614376313280753e-01, -1.267298476042416e-01, -8.951975147309906e-04
  2.240000000000000e+00, -4.018080626104169e-01,  4.461218624551311e-02, -9.344553424103681e-02,  3.973621122767814e-01, -9.360240451488752e-02, -2.013641654477357e-02
  2.250000000000000e+00, -3.889375542961184e-01,  5.440974543582167e-02, -1.000241627285916e-01,  4.371330831924811e-01, -5.649059441118000e-02, -3.967937524404703e-02
  2.260000000000000e+00, -3.733054166484425e-01,  6.292457673413998e-02, -1.068070972139061e-01,  4.807457213655360e-01, -1.602811797996966e-02, -5.948826677004544e-02
  2.270000000000000e+00, -3.548098317895491e-01,  7.021719545215421e-02, -1.134615053004881e-01,  5.279952773110378e-01,  2.675486060114275e-02, -7.922395169035219e-02
  2.280000000000000e+00, -3.335024570305318e-01,  7.643691572916311e-02, -1.196829733223718e-01,  5.784720374226187e-01,  7.041170877815912e-02, -9.821361463269457e-02
  2.290000000000000e+00, -3.095971499029446e-01,  8.176774152388711e-02, -1.252274481336829e-01,  6.315920717468336e-01,  1.131448374533372e-01, -1.155191314069791e-01
  2.300000000000000e+00, -2.834342755740559e-01,  8.637264344569862e-02, -1.299274835660685e-01,  6.866511582741670e-01,  1.529640599841137e-01, -1.300896189494774e-01
  2.310000000000000e+00, -2.554209586293779e-01,  9.035307712206220e-02, -1.336977159604913e-01,  7.428804403243626e-01,  1.878977357730343e-01, -1.409465855512653e-01
  2.320000000000000e+00, -2.259761026583136e-01,  9.373302463483069e-02, -1.365269299203419e-01,  7.994889288221670e-01,  2.162069987731975e-01, -1.473443186425587e-01
  2.330000000000000e+00, -1.954975401511347e-01,  9.646712681634817e-02, -1.384538274273427e-01,  8.556898642709062e-01,  2.365853875379012e-01, -1.488707324728910e-01
  2.340000000000000e+00, -1.643497030307077e-01,  9.846809193556516e-02, -1.395338557905019e-01,  9.107149782435784e-01,  2.483335412106193e-01, -1.454794320634257e-01
  2.350000000000000e+00, -1.328596780851777e-01,  9.964597104904205e-02, -1.398122031922497e-01,  9.638244248916781e-01,  2.514632312967613e-01, -1.374651427243624e-01
  2.360000000000000e+00, -1.013127018794536e-01,  9.994581404096614e-02, -1.393145751826006e-01,  1.014320004433122e+00,  2.466740894402595e-01, -1.254112435481998e-01
  2.370000000000000e+00, -6.994702780353559e-02,  9.936983694855717e-02, -1.380548532312513e-01,  1.061564460829016e+00,  2.351938410944597e-01, -1.101330191886394e-01
  2.380000000000000e+00, -3.895133799986801e-02,  9.798027215244565e-02, -1.360482700727472e-01,  1.105004347948966e+00,  2.185353237975103e-01, -9.261572322957565e-02
  2.390000000000000e+00, -8.467718261683767e-03,  9.588824546589381e-02, -1.333204523058692e-01,  1.144189441919241e+00,  1.982522247305875e-01, -7.393489134758661e-02
  2.400000000000000e+00,  2.139715527000685e-02,  9.323523533670519e-02, -1.299111366062012e-01,  1.178780848533471e+00,  1.757580847383875e-01, -5.515753918449199e-02
  2.410000000000000e+00,  5.055663756727340e-02,  9.017146037719925e-02, -1.258739133168976e-01,  1.208546071325817e+00,  1.522299376107775e-01, -3.723791825210594e-02
  2.420000000000000e+00,  7.893282447898174e-02,  8.683622638219912e-02, -1.212709480747319e-01,  1.233346030699808e+00,  1.285819463690716e-01, -2.092594692185203e-02
  2.430000000000000e+00,  1.064510946196420e-01,  8.334665345746739e-02, -1.161636865971021e-01,  1.253120151635617e+00,  1.054812121706448e-01, -6.701106985595395e-03
  2.440000000000000e+00,  1.330377002928517e-01,  7.979666898243720e-02, -1.106047738998728e-01,  1.267872911893143e+00,  8.338096021200447e-02,  5.260006724055685e-03
  2.450000000000000e+00,  1.586195376877517e-01,  7.626109442374207e-02, -1.046347691209960e-01,  1.277661966481267e+00,  6.255725682274914e-02,  1.507911761729530e-02
  2.460000000000000e+00,  1.831249311305904e-01,  7.279840747900224e-02, -9.828381370225428e-02,  1.282586359400968e+00,  4.314812148948990e-02,  2.313959192126380e-02
  2.470000000000000e+00,  2.064831785250466e-01,  6.945045797653804e-02, -9.157720742414546e-02,  1.282774306051026e+00,  2.519809083602224e-02,  3.002397806483155e-02
  2.480000000000000e+00,  2.286234757249758e-01,  6.624216716481990e-02, -8.454151054121378e-02,  1.278371906322003e+00,  8.703469526437328e-03,  3.642820068815437e-02
  2.490000000000000e+00,  2.494767869637554e-01,  6.318384261931165e-02, -7.720748236542332e-02,  1.269534576569704e+00, -6.354775528255074e-03,  4.305873966767594e-02
  2.500000000000000e+00,  2.689837628374004e-01,  6.027528174112318e-02, -6.961012942621786e-02,  1.256421455390140e+00, -1.999719677494090e-02,  5.052967928868344e-02
  2.510000000000000e+00,  2.871056166106102e-01,  5.751068185693109e-02, -6.178828043669788e-02,  1.239191063401612e+00, -3.224444491983042e-02,  5.928159348716798e-02
  2.520000000000000e+00,  3.038290157299580e-01,  5.488451345395906e-02, -5.378494685464733e-02,  1.217996473217940e+00, -4.312020790011541e-02,  6.954004596113646e-02
  2.530000000000000e+00,  3.191645001023864e-01,  5.239767438594911e-02, -4.564935307410233e-02,  1.192980761618608e+00, -5.265485685920345e-02,  8.131814804155563e-02
  2.540000000000000e+00,  3.331461476116076e-01,  5.006319362689360e-02, -3.744032224106433e-02,  1.164275139748917e+00, -6.088812984728883e-02,  9.444695585653565e-02
  2.550000000000000e+00,  3.458306045672808e-01,  4.791062519935196e-02, -2.922709904781134e-02,  1.132000171361488e+00, -6.787357002540287e-02,  1.086112569153720e-01
  2.560000000000000e+00,  3.572881952497490e-01,  4.598736851217922e-02, -2.108402253475979e-02,  1.096268456565648e+00, -7.368728168080818e-02,  1.233882414167911e-01
  2.570000000000000e+00,  3.675877681898264e-01,  4.435620339889423e-02, -1.308082425258915e-02,  1.057188288581553e+00, -7.843792935390954e-02,  1.382983662207125e-01
  2.580000000000000e+00,  3.767821799796591e-01,  4.309030808421066e-02, -5.271779239637057e-03,  1.014869403218555e+00, -8.227183110157604e-02,  1.528613775114838e-01
  2.590000000000000e+00,  3.848986383474360e-01,  4.226795867272348e-02,  2.316519074186276e-03,  9.694312272066503e-01, -8.536627657022132e-02,  1.666385691770547e-01
  2.600000000000000e+00,  3.919325870375531e-01,  4.196827596397723e-02,  9.697653780130589e-03,  9.210122248986994e-01, -8.791071666053527e-02,  1.792495532087507e-01
  2.610000000000000e+00,  3.978410609249321e-01,  4.226750463678841e-02,  1.693354672185158e-02,  8.697794985741374e-01, -9.008361095784607e-02,  1.903626271165663e-01
  2.620000000000000e+00,  4.025367784784837e-01,  4.323503892014147e-02,  2.413768929048584e-02,  8.159402682754374e-01, -9.202817832276065e-02,  1.996703042965819e-01
  2.630000000000000e+00,  4.058913798072569e-01,  4.492907910839383e-02,  3.147566942894818e-02,  7.597582320246707e-01, -9.382528143217747e-02,  2.068690723453752e-01
  2.640000000000000e+00,  4.077541044862770e-01,  4.739166098707104e-02,  3.916094435893398e-02,  7.015786873197924e-01, -9.546893749796082e-02,  2.116532280499694e-01
  2.650000000000000e+00,  4.079831434802173e-01,  5.064272103252399e-02,  4.744382200686686e-02,  6.418659028144567e-01, -9.685859003722645e-02,  2.137192692592318e-01
  2.660000000000000e+00,  4.064843686913985e-01,  5.467197552706371e-02,  5.659363317398219e-02,  5.812515216625861e-01, -9.782049823297671e-02,  2.127795371287326e-01
  2.670000000000000e+00,  4.032549619043092e-01,  5.942568108582491e-02,  6.686895781076220e-02,  5.205839117753519e-01, -9.815862443911683e-02,  2.085964816542394e-01
  2.680000000000000e+00,  3.984255853754491e-01,  6.478689080430677e-02,  7.846677235860181e-02,  4.609581644797703e-01, -9.772149709073137e-02,  2.010529371070610e-01
  2.690000000000000e+00,  3.922866685077085e-01,  7.055439833325150e-02,  9.144538653872220e-02,  4.036998933398204e-01, -9.646234878426278e-02,  1.902658436268547e-01
  2.700000000000000e+00,  3.852815392887286e-01,  7.643380742207850e-02,  1.056277932445184e-01,  3.502811674363721e-01, -9.446881254787079e-02,  1.767331203250267e-01
  2.710000000000000e+00,  3.779555753285231e-01,  8.205620892510912e-02,  1.205167341002495e-01,  3.021731132956264e-01, -9.194947015169776e-02,  1.614638826180256e-01
  2.720000000000000e+00,  3.708705780929537e-01,  8.702762887856319e-02,  1.352791047579587e-01,  2.606789607277785e-01, -8.918285549347006e-02,  1.459951435813155e-01
  2.730000000000000e+00,  3.645168520615765e-01,  9.099024395399757e-02,  1.488442225334539e-01,  2.268054928002788e-01, -8.644313155376741e-02,  1.322126202872260e-01
  2.740000000000000e+00,  3.592557694631054e-01,  9.366425413928647e-02,  1.600956727945371e-01,  2.011982001214757e-01, -8.391188978929871e-02,  1.219986704840522e-01
  2.750000000000000e+00,  3.552969411454199e-01,  9.485015531784224e-02,  1.680787616579045e-01,  1.841212096349468e-01, -8.158898572551196e-02,  1.168399461886132e-01
  2.760000000000000e+00,  3.527281301985495e-01,  9.441403307388008e-02,  1.721586029100840e-01,  1.754577560549439e-01, -7.923003870252672e-02,  1.175336831420348e-01
  2.770000000000000e+00,  3.515010747745065e-01,  9.224880403870506e-02,  1.720954298077365e-01,  1.747120917278050e-01, -7.634921622738407e-02,  1.240636082017480e-01
  2.780000000000000e+00,  3.514683795985357e-01,  8.827369943720531e-02,  1.680514934866799e-01,  1.810370179342508e-01, -7.229120266287843e-02,  1.356357754947341e-01
  2.790000000000000e+00,  3.523988688560095e-01,  8.244411972363652e-02,  1.605192400109004e-01,  1.932921465893614e-01, -6.636471574799416e-02,  1.508657862168877e-01
  2.800000000000000e+00,  3.539692678750468e-01,  7.476309767266809e-02,  1.501892513180239e-01,  2.101404189086293e-01, -5.801778514693189e-02,  1.680795740111662e-01
  2.810000000000000e+00,  3.558186471678991e-01,  6.531696485532645e-02,  1.377869758044694e-01,  2.301888536446479e-01, -4.702418555981256e-02,  1.856641363191255e-01
  2.820000000000000e+00,  3.575442697583923e-01,  5.427868159598837e-02,  1.239537943071986e-01,  2.521342714947463e-01, -3.362448256151161e-02,  2.023605841272186e-01
  2.830000000000000e+00,  3.587270225579097e-01,  4.190787095141379e-02,  1.092384725142895e-01,  2.748766565465321e-01, -1.853175983159147e-02,  2.174251053507006e-01
  2.840000000000000e+00,  3.589576794882904e-01,  2.853618663199908e-02,  9.417012331054972e-02,  2.975435001607806e-01, -2.791437267607680e-03,  2.306500562642626e-01
  2.850000000000001e+00,  3.578756587412544e-01,  1.454132885780246e-02,  7.929572396595777e-02,  3.194306637902490e-01,  1.241818240994743e-02,  2.422910696037989e-01
  2.860000000000000e+00,  3.552159952315123e-01,  3.091655552975858e-04,  6.514332034791016e-02,  3.399365685448751e-01,  2.597200384430332e-02,  2.529028403109925e-01
  2.870000000000000e+00,  3.508454413561023e-01, -1.380814382711670e-02,  5.217015381680755e-02,  3.585506707453524e-01,  3.695219921075864e-02,  2.630877996218725e-01
  2.880000000000000e+00,  3.447636334382009e-01, -2.752589052556953e-02,  4.073368733112247e-02,  3.748774980374154e-01,  4.474800810602714e-02,  2.732600740828879e-01
  2.890000000000000e+00,  3.370612510078621e-01, -4.064311961071021e-02,  3.107924771731116e-02,  3.886464539965451e-01,  4.908075299702284e-02,  2.835473143640793e-01
  2.900000000000000e+00,  3.278535497308571e-01, -5.303676611914865e-02,  2.333254169458318e-02,  3.996933891486006e-01,  4.996971548661670e-02,  2.938448176954635e-01
  2.910000000000000e+00,  3.172224689134450e-01, -6.463776113023467e-02,  1.749200861720213e-02,  4.079358811038320e-01,  4.767111570853162e-02,  3.039327269827704e-01
  2.920000000000000e+00,  3.051921022270200e-01, -7.540107751882030e-02,  1.342682823114196e-02,  4.133600744473734e-01,  4.260858143072319e-02,  3.135647756506394e-01
  2.930000000000000e+00,  2.917411412209011e-01, -8.528071999319087e-02,  1.089304159601610e-02,  4.160181201641198e-01,  3.530222408935618e-02,  3.225049837772406e-01
  2.940000000000000e+00,  2.768411473442055e-01, -9.421485123468343e-02,  9.571005086522952e-03,  4.160329746768189e-01,  2.630319249737685e-02,  3.305348817129963e-01
  2.950000000000000e+00,  2.605017422445928e-01, -1.021246835826290e-01,  9.110667267896123e-03,  4.136035580037719e-01,  1.614214982887143e-02,  3.374563343350673e-01
  2.960000000000000e+00,  2.428007884494165e-01, -1.089290194389987e-01,  9.167921511874073e-03,  4.089936909350907e-01,  5.297675424112589e-03,  3.431079957984570e-01
  2.970000000000000e+00,  2.238882565944995e-01, -1.145661484848468e-01,  9.430985296348738e-03,  4.025026635592686e-01, -5.819967319638338e-03,  3.473944309027490e-01
  2.980000000000000e+00,  2.039668907720280e-01, -1.190098605162491e-01,  9.643594066652566e-03,  3.944342589459495e-01, -1.687984591642500e-02,  3.503055025092346e-01
  2.990000000000000e+00,  1.832595541478449e-01, -1.222754794725043e-01,  9.620949316900728e-03,  3.850737531614390e-01, -2.763748501447206e-02,  3.519121865102255e-01
  3.000000000000000e+00,  1.619771792048185e-01, -1.244195397133567e-01,  9.249577032130887e-03,  3.746724205460574e-01, -3.793306984282505e-02,  3.523472816849212e-01
  3.010000000000000e+00,  1.402985701411791e-01, -1.255354365424011e-01,  8.471510499368054e-03,  3.634405181794210e-01, -4.768042160153154e-02,  3.517848595867866e-01
  3.020000000000000e+00,  1.183642010578954e-01, -1.257453189253239e-01,  7.261766101845808e-03,  3.515486953766191e-01, -5.685114777661546e-02,  3.504253542652638e-01
  3.030000000000000e+00,  9.627843399631437e-02, -1.251893726223499e-01,  5.606894991220805e-03,  3.391346212905026e-01, -6.545860522574930e-02,  3.484869841695964e-01
  3.040000000000000e+00,  7.411197853165415e-02, -1.240135084080831e-01,  3.488240553525417e-03,  3.263115641347133e-01, -7.354529999339042e-02,  3.461991526719989e-01
  3.050000000000000e+00,  5.190626147335572e-02, -1.223555703203425e-01,  8.769300140575499e-04,  3.131766115343413e-01, -8.117465346973272e-02,  3.437903460495456e-01
  3.060000000000000e+00,  2.968922573179101e-02, -1.203322323133813e-01, -2.253905682612273e-03,  2.998173490262619e-01, -8.842502379745654e-02,  3.414688228064518e-01
  3.070000000000000e+00,  7.496724681235059e-03, -1.180311991711898e-01, -5.910723215167313e-03,  2.863164795603467e-01, -9.538345181290929e-02,  3.394079857222672e-01
  3.080000000000000e+00, -1.461797765615079e-02, -1.155107513619462e-01, -1.007071639679278e-02,  2.727553153612363e-01, -1.021386428434085e-01,  3.377464418173943e-01
  3.090000000000000e+00, -3.658866104248223e-02, -1.128034819645434e-01, -1.468332841928238e-02,  2.592197195058996e-01, -1.087760288216950e-01,  3.365914959473448e-01
  3.100000000000000e+00, -5.834352670146901e-02, -1.099215354116381e-01, -1.967608134418017e-02,  2.458100260834102e-01, -1.153772541734074e-01,  3.360131886167256e-01
  3.110000000000000e+00, -7.980840811225225e-02, -1.068649309457474e-01, -2.495981026125484e-02,  2.326506644564397e-01, -1.220207301287001e-01,  3.360334828784153e-01
  3.120000000000000e+00, -1.009053043442288e-01, -1.036335120848735e-01, -3.043157420159227e-02,  2.198939741267612e-01, -1.287785877915962e-01,  3.366200135116697e-01
  3.130000000000000e+00, -1.215515696002828e-01, -1.002386777392457e-01, -3.598232179772068e-02,  2.077164916112718e-01, -1.357111367651319e-01,  3.376913868598497e-01
  3.140000000000000e+00, -1.416642379335576e-01, -9.671085688392989e-02, -4.151253591492032e-02,  1.963078736425440e-01, -1.428636384732461e-01,  3.391347515130814e-01
  3.150000000000000e+00, -1.611670739642149e-01, -9.310023656234301e-02, -4.694568381611292e-02,  1.858518537532870e-01, -1.502682721988619e-01,  3.408258825814188e-01
  3.160000000000000e+00, -1.799973221723081e-01, -8.946988780056020e-02, -5.223061377234470e-02,  1.765021512004381e-01, -1.579496101181291e-01,  3.426432696279106e-01
  3.170000000000000e+00, -1.981108739125999e-01, -8.588526729756651e-02, -5.733520678676587e-02,  1.683617610414478e-01, -1.659272388022600e-01,  3.444769650056864e-01
  3.180000000000000e+00, -2.154860150364763e-01, -8.240591819499099e-02, -6.223750404609085e-02,  1.614730455120960e-01, -1.742099567325096e-01,  3.462341953056036e-01
  3.190000000000000e+00, -2.321286339624519e-01, -7.908142832299414e-02, -6.691562092830501e-02,  1.558208612112298e-01, -1.827862637531600e-01,  3.478353878052993e-01
  3.200000000000000e+00, -2.480768230037668e-01, -7.595094247119238e-02, -7.133497045997490e-02,  1.513481754327668e-01, -1.916229057837051e-01,  3.491904546539904e-01
  3.210000000000000e+00, -2.633974996665852e-01, -7.304484721626348e-02, -7.543648089704952e-02,  1.479810790988424e-01, -2.006728807397543e-01,  3.501599811605622e-01
  3.220000000000000e+00, -2.781751016602077e-01, -7.038707955047285e-02, -7.913422524640165e-02,  1.456542067461213e-01, -2.098820699072021e-01,  3.505250902793600e-01
  3.230000000000000e+00, -2.924987794279775e-01, -6.799659838028860e-02, -8.232646604056953e-02,  1.443263787240252e-01, -2.191884439790713e-01,  3.499871489656343e-01
  3.240000000000000e+00, -3.064587387439965e-01, -6.588510543092907e-02, -8.491270972873746e-02,  1.439813688018155e-01, -2.285167160441173e-01,  3.482014646849840e-01
  3.250000000000000e+00, -3.200947778054462e-01, -6.405698725501829e-02, -8.682648246998016e-02,  1.446394388737512e-01, -2.377804671042693e-01,  3.448304326292480e-01
  3.260000000000000e+00, -3.334300286543919e-01, -6.249127628502982e-02, -8.803932178356155e-02,  1.463320991805490e-01, -2.468709273562801e-01,  3.396122125424601e-01
  3.270000000000000e+00, -3.464187331775053e-01, -6.112964159092926e-02, -8.857969883869628e-02,  1.491114516437412e-01, -2.556582235676063e-01,  3.324031263183578e-01
  3.280000000000000e+00, -3.589462860667291e-01, -5.985614897879432e-02, -8.852087803060776e-02,  1.530463657053944e-01, -2.639884464180430e-01,  3.231942938748252e-01
  3.290000000000000e+00, -3.708386203908391e-01, -5.848242311752427e-02, -8.795708335244264e-02,  1.582224555939864e-01, -2.716857663134440e-01,  3.120999263189890e-01
  3.300000000000000e+00, -3.818870744135556e-01, -5.674456177989495e-02, -8.697705321966762e-02,  1.647409559462712e-01, -2.785573557639912e-01,  2.993261990035662e-01
  3.310000000000000e+00, -3.918784632794481e-01, -5.431873390168840e-02, -8.564719046211601e-02,  1.727166063793994e-01, -2.843970144524933e-01,  2.851334140012709e-01
  3.320000000000000e+00, -4.006220272059697e-01, -5.086005847009600e-02, -8.401465800568182e-02,  1.822719437617613e-01, -2.889827515912999e-01,  2.698094044319539e-01
  3.330000000000000e+00, -4.079683915744491e-01, -4.606082853415372e-02, -8.213215118435291e-02,  1.935269489865398e-01, -2.920676534948129e-01,  2.536628006633607e-01
  3.340000000000000e+00, -4.138162789000809e-01, -3.971202348156511e-02, -8.009090306042300e-02,  2.065907539735992e-01, -2.933697156648796e-01,  2.370237620946232e-01
  3.350000000000001e+00, -4.181059027875466e-01, -3.174985052762236e-02, -7.804310189100722e-02,  2.215628296301327e-01, -2.925676101938778e-01,  2.202333869972181e-01
  3.360000000000000e+00, -4.208027469946861e-01, -2.227805316556952e-02, -7.620346644852093e-02,  2.385436168115336e-01, -2.893049830237490e-01,  2.036151544726702e-01
  3.370000000000000e+00, -4.218768054566608e-01, -1.156352685903972e-02, -7.482761774921352e-02,  2.576504174804815e-01, -2.832036042653458e-01,  1.874300607798831e-01
  3.380000000000000e+00, -4.212834155974240e-01, -4.930430373084604e-06, -7.416859319017259e-02,  2.790330809988820e-01, -2.738849065203819e-01,  1.718191569125146e-01
  3.390000000000000e+00, -4.189509753968984e-01,  1.192010137989996e-02, -7.442234225957525e-02,  3.028828542914624e-01, -2.609959269603662e-01,  1.567481882939867e-01
  3.400000000000000e+00, -4.147741318437874e-01,  2.371522759235511e-02, -7.568474535748167e-02,  3.294295393934125e-01, -2.442353907193650e-01,  1.419832993511771e-01
  3.410000000000000e+00, -4.086090288420468e-01,  3.491974840738887e-02, -7.793584917245741e-02,  3.589251172637999e-01, -2.233816639471439e-01,  1.271195804932137e-01
  3.420000000000000e+00, -4.002740052592265e-01,  4.515408245903418e-02, -8.104494329015817e-02,  3.916148776304275e-01, -1.983284761615622e-01,  1.116585399586564e-01
  3.430000000000000e+00, -3.895638083237217e-01,  5.415999127924542e-02, -8.478259478862163e-02,  4.276985825638593e-01, -1.691327501235529e-01,  9.511728100754524e-02
  3.440000000000000e+00, -3.762832192932011e-01,  6.183270450023648e-02, -8.883707746989264e-02,  4.672844611593530e-01, -1.360747809050312e-01,  7.715750891103557e-02
  3.450000000000000e+00, -3.602965309071751e-01,  6.823195857695685e-02, -9.284326788384033e-02,  5.103441767705924e-01, -9.972371682634443e-02,  5.772390489861861e-02
  3.460000000000000e+00, -3.415755457128583e-01,  7.356013856601207e-02, -9.642994677607912e-02,  5.566841979285803e-01, -6.098969208545649e-02,  3.716337653961077e-02
  3.470000000000000e+00, -3.202260031528136e-01,  7.810898841270308e-02, -9.927686779464800e-02,  6.059446087343601e-01, -2.113469544596386e-02,  1.627571158068773e-02
  3.480000000000000e+00, -2.964847037774726e-01,  8.218963713770400e-02, -1.011638836037737e-01,  6.576215710993746e-01,  1.828438470239346e-02, -3.743769867143155e-03
  3.490000000000000e+00, -2.706915947333420e-01,  8.606776113347614e-02, -1.019976443069631e-01,  7.111018232017010e-01,  5.554854030045092e-02, -2.147333579154464e-02
